Index,Arrival Time,Job Size,End Time,Start Job,Response Time,Turnaround Time,Job State
0,70,168,238,70,0,168,2
1,136,144,382,238,102,246,2
2,219,144,526,382,163,307,2
3,289,199,223424,223225,222936,223135,2
4,379,154,920,766,387,541,2
5,444,121,647,526,82,203,2
6,524,155,122182,122027,121503,121658,2
7,634,119,766,647,13,132,2
8,703,167,171496,171329,170626,170793,2
9,803,143,1063,920,117,260,2
10,906,161,149904,149743,148837,148998,2
11,961,176,199440,199264,198303,198479,2
12,1039,134,1197,1063,24,158,2
13,1099,150,1347,1197,98,248,2
14,1194,152,3241,3089,1895,2047,2
15,1244,131,1698,1567,323,454,2
16,1312,128,1475,1347,35,163,2
17,1331,148,2407,2259,928,1076,2
18,1412,92,1567,1475,63,155,2
19,1482,143,1967,1824,342,485,2
20,1530,154,116945,116791,115261,115415,2
21,1550,157,131516,131359,129809,129966,2
22,1618,126,1824,1698,80,206,2
23,1669,156,126523,126367,124698,124854,2
24,1768,151,2558,2407,639,790,2
25,1816,145,2112,1967,151,296,2
26,1904,166,167013,166847,164943,165109,2
27,1997,177,201905,201728,199731,199908,2
28,2084,147,2259,2112,28,175,2
29,2158,168,175004,174836,172678,172846,2
30,2211,165,163382,163217,161006,161171,2
31,2279,151,2959,2808,529,680,2
32,2372,186,215426,215240,212868,213054,2
33,2454,169,179037,178868,176414,176583,2
34,2531,150,2708,2558,27,177,2
35,2597,100,2808,2708,111,211,2
36,2715,160,145583,145423,142708,142868,2
37,2837,130,3089,2959,122,252,2
38,2907,170,183601,183431,180524,180694,2
39,2970,184,213397,213213,210243,210427,2
40,3052,173,193001,192828,189776,189949,2
41,3094,156,126679,126523,123429,123585,2
42,3144,154,117099,116945,113801,113955,2
43,3216,149,3390,3241,25,174,2
44,3297,130,3520,3390,93,223,2
45,3381,142,3662,3520,139,281,2
46,3461,152,3957,3805,344,496,2
47,3601,143,3805,3662,61,204,2
48,3695,177,202082,201905,198210,198387,2
49,3791,173,193174,193001,189210,189383,2
50,3854,153,4551,4398,544,697,2
51,3939,146,4103,3957,18,164,2
52,4014,143,4246,4103,89,232,2
53,4072,152,4398,4246,174,326,2
54,4163,158,135599,135441,131278,131436,2
55,4236,154,117253,117099,112863,113017,2
56,4328,154,117407,117253,112925,113079,2
57,4399,189,218608,218419,214020,214209,2
58,4454,125,4676,4551,97,222,2
59,4522,144,5102,4958,436,580,2
60,4621,139,4815,4676,55,194,2
61,4696,149,5657,5508,812,961,2
62,4792,143,4958,4815,23,166,2
63,4843,153,112813,112660,107817,107970,2
64,4939,145,5247,5102,163,308,2
65,5001,169,179206,179037,174036,174205,2
66,5091,154,117561,117407,112316,112470,2
67,5181,132,5379,5247,66,198,2
68,5249,149,6230,6081,832,981,2
69,5332,129,5508,5379,47,176,2
70,5411,157,131673,131516,126105,126262,2
71,5477,149,6379,6230,753,902,2
72,5538,159,141130,140971,135433,135592,2
73,5606,145,5802,5657,51,196,2
74,5691,147,5949,5802,111,258,2
75,5737,168,175172,175004,169267,169435,2
76,5815,168,175340,175172,169357,169525,2
77,5879,132,6081,5949,70,202,2
78,5936,165,163547,163382,157446,157611,2
79,6035,164,160101,159937,153902,154066,2
80,6115,176,199616,199440,193325,193501,2
81,6173,159,141289,141130,134957,135116,2
82,6265,141,6640,6499,234,375,2
83,6300,178,204915,204737,198437,198615,2
84,6372,120,6499,6379,7,127,2
85,6458,164,160265,160101,153643,153807,2
86,6520,127,6767,6640,120,247,2
87,6591,187,216543,216356,209765,209952,2
88,6671,149,8093,7944,1273,1422,2
89,6751,120,6887,6767,16,136,2
90,6804,135,7022,6887,83,218,2
91,6891,109,7131,7022,131,240,2
92,6969,145,7681,7536,567,712,2
93,7035,159,141448,141289,134254,134413,2
94,7106,122,7253,7131,25,147,2
95,7146,172,190420,190248,183102,183274,2
96,7232,142,7395,7253,21,163,2
97,7301,141,7536,7395,94,235,2
98,7425,157,131830,131673,124248,124405,2
99,7519,168,175508,175340,167821,167989,2
100,7585,158,135757,135599,128014,128172,2
101,7679,117,7798,7681,2,119,2
102,7774,146,7944,7798,24,170,2
103,7882,153,112966,112813,104931,105084,2
104,7903,167,171663,171496,163593,163760,2
105,7993,114,8207,8093,100,214,2
106,8077,152,9525,9373,1296,1448,2
107,8142,128,8335,8207,65,193,2
108,8248,136,8471,8335,87,223,2
109,8329,166,167179,167013,158684,158850,2
110,8367,111,8582,8471,104,215,2
111,8441,134,8716,8582,141,275,2
112,8523,161,150065,149904,141381,141542,2
113,8598,145,8861,8716,118,263,2
114,8655,164,160429,160265,151610,151774,2
115,8735,124,8985,8861,126,250,2
116,8789,147,9259,9112,323,470,2
117,8879,172,190592,190420,181541,181713,2
118,8939,127,9112,8985,46,173,2
119,9001,168,175676,175508,166507,166675,2
120,9079,164,160593,160429,151350,151514,2
121,9153,169,179375,179206,170053,170222,2
122,9232,114,9373,9259,27,141,2
123,9315,173,193347,193174,183859,184032,2
124,9436,151,9676,9525,89,240,2
125,9541,115,9791,9676,135,250,2
126,9623,139,9930,9791,168,307,2
127,9694,143,10073,9930,236,379,2
128,9749,152,16486,16334,6585,6737,2
129,9846,157,131987,131830,121984,122141,2
130,9957,137,10330,10193,236,373,2
131,10043,120,10193,10073,30,150,2
132,10101,152,18787,18635,8534,8686,2
133,10114,182,210841,210659,200545,200727,2
134,10161,141,10607,10466,305,446,2
135,10224,147,13213,13066,2842,2989,2
136,10274,136,10466,10330,56,192,2
137,10358,141,10871,10730,372,513,2
138,10428,143,11363,11220,792,935,2
139,10486,123,10730,10607,121,244,2
140,10543,148,13647,13499,2956,3104,2
141,10651,158,135915,135757,125106,125264,2
142,10733,157,132144,131987,121254,121411,2
143,10775,155,122337,122182,111407,111562,2
144,10866,119,10990,10871,5,124,2
145,10939,129,11119,10990,51,180,2
146,11016,101,11220,11119,103,204,2
147,11094,189,218797,218608,207514,207703,2
148,11157,159,141607,141448,130291,130450,2
149,11257,173,193520,193347,182090,182263,2
150,11338,130,11493,11363,25,155,2
151,11426,173,193693,193520,182094,182267,2
152,11487,134,11627,11493,6,140,2
153,11550,170,183771,183601,172051,172221,2
154,11599,144,11771,11627,28,172,2
155,11630,171,187512,187341,175711,175882,2
156,11677,147,13360,13213,1536,1683,2
157,11762,140,11911,11771,9,149,2
158,11844,119,12030,11911,67,186,2
159,11933,122,12152,12030,97,219,2
160,12009,128,12280,12152,143,271,2
161,12088,137,12534,12397,309,446,2
162,12158,145,12815,12670,512,657,2
163,12234,117,12397,12280,46,163,2
164,12300,152,18939,18787,6487,6639,2
165,12403,165,163712,163547,151144,151309,2
166,12464,189,218986,218797,206333,206522,2
167,12528,136,12670,12534,6,142,2
168,12624,152,20860,20708,8084,8236,2
169,12726,124,12939,12815,89,213,2
170,12794,150,15542,15392,2598,2748,2
171,12850,180,207773,207593,194743,194923,2
172,12911,127,13066,12939,28,155,2
173,12990,156,126835,126679,113689,113845,2
174,13068,176,199792,199616,186548,186724,2
175,13125,164,160757,160593,147468,147632,2
176,13185,169,179544,179375,166190,166359,2
177,13268,139,13499,13360,92,231,2
178,13335,170,183941,183771,170436,170606,2
179,13428,172,190764,190592,177164,177336,2
180,13516,133,13780,13647,131,264,2
181,13587,136,14043,13907,320,456,2
182,13681,160,145743,145583,131902,132062,2
183,13753,127,13907,13780,27,154,2
184,13832,184,213581,213397,199565,199749,2
185,13911,139,14182,14043,132,271,2
186,13985,171,187683,187512,173527,173698,2
187,14067,129,14311,14182,115,244,2
188,14151,136,14447,14311,160,296,2
189,14245,137,14584,14447,202,339,2
190,14350,173,193866,193693,179343,179516,2
191,14421,143,14851,14708,287,430,2
192,14491,165,163877,163712,149221,149386,2
193,14556,124,14708,14584,28,152,2
194,14586,161,150226,150065,135479,135640,2
195,14658,163,157981,157818,143160,143323,2
196,14727,150,16208,16058,1331,1481,2
197,14776,144,14995,14851,75,219,2
198,14830,200,224022,223822,208992,209192,2
199,14860,152,21143,20991,6131,6283,2
200,14941,149,15144,14995,54,203,2
201,14990,160,145903,145743,130753,130913,2
202,15086,126,15270,15144,58,184,2
203,15171,165,164042,163877,148706,148871,2
204,15242,122,15392,15270,28,150,2
205,15351,174,195597,195423,180072,180246,2
206,15450,129,15671,15542,92,221,2
207,15530,181,209754,209573,194043,194224,2
208,15580,137,15808,15671,91,228,2
209,15625,155,122492,122337,106712,106867,2
210,15669,165,164207,164042,148373,148538,2
211,15746,153,113119,112966,97220,97373,2
212,15804,140,15948,15808,4,144,2
213,15867,110,16058,15948,81,191,2
214,15942,158,136073,135915,119973,120131,2
215,16023,171,187854,187683,171660,171831,2
216,16125,126,16334,16208,83,209,2
217,16170,178,205093,204915,188745,188923,2
218,16247,163,158144,157981,141734,141897,2
219,16323,193,221080,220887,204564,204757,2
220,16379,179,206340,206161,189782,189961,2
221,16445,133,16619,16486,41,174,2
222,16518,142,16761,16619,101,243,2
223,16566,150,17930,17780,1214,1364,2
224,16587,153,113272,113119,96532,96685,2
225,16642,182,211023,210841,194199,194381,2
226,16730,134,16895,16761,31,165,2
227,16777,132,17512,17380,603,735,2
228,16844,125,17020,16895,51,176,2
229,16902,126,17262,17136,234,360,2
230,16944,116,17136,17020,76,192,2
231,17041,158,136231,136073,119032,119190,2
232,17134,154,117715,117561,100427,100581,2
233,17247,118,17380,17262,15,133,2
234,17314,153,113425,113272,95958,96111,2
235,17402,143,17655,17512,110,253,2
236,17508,150,18369,18219,711,861,2
237,17581,125,17780,17655,74,199,2
238,17628,153,113578,113425,95797,95950,2
239,17714,150,18635,18485,771,921,2
240,17808,145,18219,18074,266,411,2
241,17874,144,18074,17930,56,200,2
242,17944,170,184111,183941,165997,166167,2
243,18057,159,141766,141607,123550,123709,2
244,18128,173,194039,193866,175738,175911,2
245,18264,116,18485,18369,105,221,2
246,18338,186,215612,215426,197088,197274,2
247,18422,158,136389,136231,117809,117967,2
248,18474,183,212298,212115,193641,193824,2
249,18550,152,21295,21143,2593,2745,2
250,18641,170,184281,184111,165470,165640,2
251,18718,189,219175,218986,200268,200457,2
252,18790,127,19066,18939,149,276,2
253,18867,149,20565,20416,1549,1698,2
254,18946,136,19443,19307,361,497,2
255,19022,169,179713,179544,160522,160691,2
256,19041,112,19178,19066,25,137,2
257,19123,129,19307,19178,55,184,2
258,19200,139,19582,19443,243,382,2
259,19275,142,19724,19582,307,449,2
260,19365,162,153930,153768,134403,134565,2
261,19470,145,19869,19724,254,399,2
262,19568,216,224450,224234,204666,204882,2
263,19627,156,126991,126835,107208,107364,2
264,19681,155,122647,122492,102811,102966,2
265,19794,148,20017,19869,75,223,2
266,19875,131,20148,20017,142,273,2
267,19927,161,150387,150226,130299,130460,2
268,20044,134,20282,20148,104,238,2
269,20105,134,20416,20282,177,311,2
270,20170,152,59787,59635,39465,39617,2
271,20233,167,171830,171663,151430,151597,2
272,20312,154,117869,117715,97403,97557,2
273,20395,176,199968,199792,179397,179573,2
274,20443,143,20708,20565,122,265,2
275,20553,169,179882,179713,159160,159329,2
276,20625,164,160921,160757,140132,140296,2
277,20732,167,171997,171830,151098,151265,2
278,20824,184,213765,213581,192757,192941,2
279,20845,131,20991,20860,15,146,2
280,20919,186,215798,215612,194693,194879,2
281,21000,155,122802,122647,101647,101802,2
282,21065,167,172164,171997,150932,151099,2
283,21156,148,21443,21295,139,287,2
284,21246,167,172331,172164,150918,151085,2
285,21305,151,21594,21443,138,289,2
286,21377,158,136547,136389,115012,115170,2
287,21475,153,113731,113578,92103,92256,2
288,21546,143,21737,21594,48,191,2
289,21627,149,21886,21737,110,259,2
290,21730,171,188025,187854,166124,166295,2
291,21779,137,22023,21886,107,244,2
292,21828,146,23730,23584,1756,1902,2
293,21876,140,23208,23068,1192,1332,2
294,21922,129,22152,22023,101,230,2
295,21994,182,211205,211023,189029,189211,2
296,22062,153,113884,113731,91669,91822,2
297,22108,122,22274,22152,44,166,2
298,22192,136,22410,22274,82,218,2
299,22270,159,141925,141766,119496,119655,2
300,22353,139,22930,22791,438,577,2
301,22396,128,22538,22410,14,142,2
302,22498,161,150548,150387,127889,128050,2
303,22538,129,22667,22538,0,129,2
304,22580,144,23584,23440,860,1004,2
305,22653,124,22791,22667,14,138,2
306,22725,159,142084,141925,119200,119359,2
307,22793,154,118023,117869,95076,95230,2
308,22856,138,23068,22930,74,212,2
309,22933,168,175844,175676,152743,152911,2
310,23023,162,154092,153930,130907,131069,2
311,23103,117,23325,23208,105,222,2
312,23188,168,176012,175844,152656,152824,2
313,23274,115,23440,23325,51,166,2
314,23376,154,118177,118023,94647,94801,2
315,23456,167,172498,172331,148875,149042,2
316,23511,181,209935,209754,186243,186424,2
317,23588,128,23858,23730,142,270,2
318,23642,164,161085,160921,137279,137443,2
319,23707,141,24382,24241,534,675,2
320,23781,132,23990,23858,77,209,2
321,23840,138,24241,24103,263,401,2
322,23878,148,25715,25567,1689,1837,2
323,23933,113,24103,23990,57,170,2
324,24022,182,211387,211205,187183,187365,2
325,24078,153,114037,113884,89806,89959,2
326,24148,143,25469,25326,1178,1321,2
327,24246,139,24770,24631,385,524,2
328,24309,177,202259,202082,177773,177950,2
329,24373,120,24502,24382,9,129,2
330,24445,129,24631,24502,57,186,2
331,24523,148,29664,29516,4993,5141,2
332,24562,149,32860,32711,8149,8298,2
333,24640,149,33153,33004,8364,8513,2
334,24687,172,190936,190764,166077,166249,2
335,24737,141,24911,24770,33,174,2
336,24790,157,132301,132144,107354,107511,2
337,24890,139,25050,24911,21,160,2
338,24973,135,25185,25050,77,212,2
339,25078,141,25326,25185,107,248,2
340,25130,180,207953,207773,182643,182823,2
341,25184,171,188196,188025,162841,163012,2
342,25261,163,158307,158144,132883,133046,2
343,25329,153,114190,114037,88708,88861,2
344,25394,98,25567,25469,75,173,2
345,25427,180,208133,207953,182526,182706,2
346,25500,152,59939,59787,34287,34439,2
347,25569,130,25845,25715,146,276,2
348,25620,137,26102,25965,345,482,2
349,25677,168,176180,176012,150335,150503,2
350,25774,120,25965,25845,71,191,2
351,25857,170,184451,184281,158424,158594,2
352,25926,151,35359,35208,9282,9433,2
353,26007,117,26219,26102,95,212,2
354,26057,134,26353,26219,162,296,2
355,26137,138,27140,27002,865,1003,2
356,26210,153,114343,114190,87980,88133,2
357,26293,152,62691,62539,36246,36398,2
358,26325,135,26488,26353,28,163,2
359,26358,126,26614,26488,130,256,2
360,26424,151,35769,35618,9194,9345,2
361,26500,119,26733,26614,114,233,2
362,26570,134,26867,26733,163,297,2
363,26642,139,27785,27646,1004,1143,2
364,26736,143,28334,28191,1455,1598,2
365,26813,135,27002,26867,54,189,2
366,26890,167,172665,172498,145608,145775,2
367,26957,173,194212,194039,167082,167255,2
368,27028,133,27396,27263,235,368,2
369,27112,123,27263,27140,28,151,2
370,27166,163,158470,158307,131141,131304,2
371,27269,146,28974,28828,1559,1705,2
372,27339,129,27525,27396,57,186,2
373,27410,121,27646,27525,115,236,2
374,27505,153,114496,114343,86838,86991,2
375,27608,142,28053,27911,303,445,2
376,27666,181,210116,209935,182269,182450,2
377,27751,126,27911,27785,34,160,2
378,27859,156,127147,126991,99132,99288,2
379,27925,138,28191,28053,128,266,2
380,28015,147,29121,28974,959,1106,2
381,28074,153,114649,114496,86422,86575,2
382,28155,166,167345,167179,139024,139190,2
383,28230,132,28466,28334,104,236,2
384,28340,168,176348,176180,147840,148008,2
385,28401,161,150709,150548,122147,122308,2
386,28466,119,28585,28466,0,119,2
387,28530,124,28709,28585,55,179,2
388,28612,151,36657,36506,7894,8045,2
389,28697,119,28828,28709,12,131,2
390,28749,167,172832,172665,143916,144083,2
391,28828,159,142243,142084,113256,113415,2
392,28877,160,146063,145903,117026,117186,2
393,28946,150,35066,34916,5970,6120,2
394,29018,143,29401,29258,240,383,2
395,29092,137,29258,29121,29,166,2
396,29189,169,180051,179882,150693,150862,2
397,29274,151,36808,36657,7383,7534,2
398,29368,115,29516,29401,33,148,2
399,29428,151,52795,52644,23216,23367,2
400,29463,152,63797,63645,34182,34334,2
401,29541,151,53243,53092,23551,23702,2
402,29634,124,29788,29664,30,154,2
403,29733,148,29936,29788,55,203,2
404,29803,139,30449,30310,507,646,2
405,29847,122,30058,29936,89,211,2
406,29947,123,30181,30058,111,234,2
407,30026,129,30310,30181,155,284,2
408,30105,175,197164,196989,166884,167059,2
409,30186,152,76360,76208,46022,46174,2
410,30259,171,188367,188196,157937,158108,2
411,30354,144,31239,31095,741,885,2
412,30437,119,30568,30449,12,131,2
413,30530,140,30708,30568,38,178,2
414,30612,126,30834,30708,96,222,2
415,30704,140,31095,30955,251,391,2
416,30798,121,30955,30834,36,157,2
417,30853,152,76779,76627,45774,45926,2
418,30933,177,202436,202259,171326,171503,2
419,30985,161,150870,150709,119724,119885,2
420,31069,144,32167,32023,954,1098,2
421,31143,134,31373,31239,96,230,2
422,31202,161,151031,150870,119668,119829,2
423,31288,131,31627,31496,208,339,2
424,31352,123,31496,31373,21,144,2
425,31412,132,31759,31627,215,347,2
426,31467,140,32023,31883,416,556,2
427,31537,153,114802,114649,83112,83265,2
428,31638,181,210297,210116,178478,178659,2
429,31722,124,31883,31759,37,161,2
430,31812,153,114955,114802,82990,83143,2
431,31894,186,215984,215798,183904,184090,2
432,31969,154,118331,118177,86208,86362,2
433,32045,154,118485,118331,86286,86440,2
434,32080,165,164372,164207,132127,132292,2
435,32122,143,32310,32167,45,188,2
436,32183,121,32431,32310,127,248,2
437,32224,145,32711,32566,342,487,2
438,32299,174,195771,195597,163298,163472,2
439,32358,160,146223,146063,113705,113865,2
440,32414,135,32566,32431,17,152,2
441,32471,152,76931,76779,44308,44460,2
442,32547,165,164537,164372,131825,131990,2
443,32623,170,184621,184451,151828,151998,2
444,32744,144,33004,32860,116,260,2
445,32814,174,195945,195771,162957,163131,2
446,32859,160,146383,146223,113364,113524,2
447,32917,165,164702,164537,131620,131785,2
448,32973,172,191108,190936,157963,158135,2
449,33094,139,33292,33153,59,198,2
450,33174,136,33541,33405,231,367,2
451,33223,113,33405,33292,69,182,2
452,33302,153,115108,114955,81653,81806,2
453,33346,154,118639,118485,85139,85293,2
454,33414,168,176516,176348,142934,143102,2
455,33515,137,33678,33541,26,163,2
456,33575,154,118793,118639,85064,85218,2
457,33622,147,33825,33678,56,203,2
458,33732,127,33952,33825,93,220,2
459,33819,140,34092,33952,133,273,2
460,33921,155,122957,122802,88881,89036,2
461,34008,139,34231,34092,84,223,2
462,34084,157,132458,132301,98217,98374,2
463,34137,176,200144,199968,165831,166007,2
464,34193,132,34363,34231,38,170,2
465,34256,135,34628,34493,237,372,2
466,34289,130,34493,34363,74,204,2
467,34377,146,34774,34628,251,397,2
468,34468,173,194385,194212,159744,159917,2
469,34540,195,222243,222048,187508,187703,2
470,34620,176,200320,200144,165524,165700,2
471,34692,159,142402,142243,107551,107710,2
472,34754,142,34916,34774,20,162,2
473,34841,170,184791,184621,149780,149950,2
474,34878,164,161249,161085,126207,126371,2
475,34950,142,35208,35066,116,258,2
476,35032,160,146543,146383,111351,111511,2
477,35111,161,151192,151031,115920,116081,2
478,35230,131,35490,35359,129,260,2
479,35269,154,118947,118793,83524,83678,2
480,35271,178,205271,205093,169822,170000,2
481,35345,155,123112,122957,87612,87767,2
482,35423,128,35618,35490,67,195,2
483,35523,171,188538,188367,152844,153015,2
484,35593,177,202613,202436,166843,167020,2
485,35629,154,119101,118947,83318,83472,2
486,35692,177,202790,202613,166921,167098,2
487,35717,120,35889,35769,52,172,2
488,35791,134,36023,35889,98,232,2
489,35866,188,217479,217291,181425,181613,2
490,35929,135,36362,36227,298,433,2
491,36021,118,36141,36023,2,120,2
492,36118,86,36227,36141,23,109,2
493,36238,190,219743,219553,183315,183505,2
494,36346,144,36506,36362,16,160,2
495,36400,151,53670,53519,17119,17270,2
496,36467,197,223027,222830,186363,186560,2
497,36533,153,115261,115108,78575,78728,2
498,36617,160,146703,146543,109926,110086,2
499,36711,169,180220,180051,143340,143509,2
500,36737,156,127303,127147,90410,90566,2
501,36803,142,36950,36808,5,147,2
502,36889,115,37065,36950,61,176,2
503,36950,140,37205,37065,115,255,2
504,37031,168,176684,176516,139485,139653,2
505,37104,139,37344,37205,101,240,2
506,37209,115,37459,37344,135,250,2
507,37279,158,136705,136547,99268,99426,2
508,37364,139,38235,38096,732,871,2
509,37448,136,37595,37459,11,147,2
510,37515,177,202967,202790,165275,165452,2
511,37568,124,37719,37595,27,151,2
512,37640,123,37842,37719,79,202,2
513,37732,166,167511,167345,129613,129779,2
514,37821,123,37965,37842,21,144,2
515,37914,131,38096,37965,51,182,2
516,37962,142,38871,38729,767,909,2
517,37998,149,42096,41947,3949,4098,2
518,38045,148,41042,40894,2849,2997,2
519,38146,111,38346,38235,89,200,2
520,38214,156,127459,127303,89089,89245,2
521,38264,132,38478,38346,82,214,2
522,38363,124,38602,38478,115,239,2
523,38418,169,180389,180220,141802,141971,2
524,38478,147,39305,39158,680,827,2
525,38584,127,38729,38602,18,145,2
526,38639,144,39015,38871,232,376,2
527,38737,168,176852,176684,137947,138115,2
528,38816,158,136863,136705,97889,98047,2
529,38923,165,164867,164702,125779,125944,2
530,38997,143,39158,39015,18,161,2
531,39058,147,39710,39563,505,652,2
532,39127,149,42245,42096,2969,3118,2
533,39200,148,41304,41156,1956,2104,2
534,39264,132,39437,39305,41,173,2
535,39324,172,191280,191108,151784,151956,2
536,39372,126,39563,39437,65,191,2
537,39464,159,142561,142402,102938,103097,2
538,39508,149,43585,43436,3928,4077,2
539,39602,151,57684,57533,17931,18082,2
540,39697,137,39847,39710,13,150,2
541,39796,139,39986,39847,51,190,2
542,39872,144,40130,39986,114,258,2
543,39911,149,44387,44238,4327,4476,2
544,39954,165,165032,164867,124913,125078,2
545,40021,134,40264,40130,109,243,2
546,40127,137,40637,40500,373,510,2
547,40218,131,40395,40264,46,177,2
548,40269,105,40500,40395,126,231,2
549,40322,148,41947,41799,1477,1625,2
550,40387,188,217667,217479,177092,177280,2
551,40463,173,194558,194385,153922,154095,2
552,40541,128,40765,40637,96,224,2
553,40610,178,205449,205271,164661,164839,2
554,40666,129,40894,40765,99,228,2
555,40715,174,196119,195945,155230,155404,2
556,40757,154,119255,119101,78344,78498,2
557,40832,161,151353,151192,110360,110521,2
558,40896,158,137021,136863,95967,96125,2
559,40963,114,41156,41042,79,193,2
560,41021,170,184961,184791,143770,143940,2
561,41103,158,137179,137021,95918,96076,2
562,41160,99,41403,41304,144,243,2
563,41216,150,50920,50770,9554,9704,2
564,41318,158,137337,137179,95861,96019,2
565,41388,136,41539,41403,15,151,2
566,41420,122,41661,41539,119,241,2
567,41477,157,132615,132458,90981,91138,2
568,41590,138,41799,41661,71,209,2
569,41656,158,137495,137337,95681,95839,2
570,41732,167,172999,172832,131100,131267,2
571,41812,169,180558,180389,138577,138746,2
572,41888,160,146863,146703,104815,104975,2
573,41972,161,151514,151353,109381,109542,2
574,42006,162,154254,154092,112086,112248,2
575,42078,180,208313,208133,166055,166235,2
576,42148,129,42497,42368,220,349,2
577,42228,123,42368,42245,17,140,2
578,42332,157,132772,132615,90283,90440,2
579,42422,136,42633,42497,75,211,2
580,42466,149,50357,50208,7742,7891,2
581,42535,133,42766,42633,98,231,2
582,42585,174,196293,196119,153534,153708,2
583,42664,177,203144,202967,160303,160480,2
584,42760,137,42903,42766,6,143,2
585,42846,111,43014,42903,57,168,2
586,42915,159,142720,142561,99646,99805,2
587,42977,146,43160,43014,37,183,2
588,43052,177,203321,203144,160092,160269,2
589,43159,142,43302,43160,1,143,2
590,43214,134,43436,43302,88,222,2
591,43313,170,185131,184961,141648,141818,2
592,43373,186,216170,215984,172611,172797,2
593,43457,183,212481,212298,168841,169024,2
594,43513,171,188709,188538,145025,145196,2
595,43578,136,43721,43585,7,143,2
596,43619,123,43844,43721,102,225,2
597,43677,128,43972,43844,167,295,2
598,43766,163,158633,158470,114704,114867,2
599,43805,177,203498,203321,159516,159693,2
600,43918,134,44106,43972,54,188,2
601,44000,171,188880,188709,144709,144880,2
602,44055,132,44238,44106,51,183,2
603,44142,168,177020,176852,132710,132878,2
604,44198,158,137653,137495,93297,93455,2
605,44264,148,44535,44387,123,271,2
606,44343,157,132929,132772,88429,88586,2
607,44395,170,185301,185131,140736,140906,2
608,44473,143,44678,44535,62,205,2
609,44522,158,137811,137653,93131,93289,2
610,44598,161,151675,151514,106916,107077,2
611,44664,113,44791,44678,14,127,2
612,44765,130,44921,44791,26,156,2
613,44814,155,123267,123112,78298,78453,2
614,44861,106,45027,44921,60,166,2
615,44947,135,45162,45027,80,215,2
616,45036,144,45447,45303,267,411,2
617,45121,141,45303,45162,41,182,2
618,45245,148,47645,47497,2252,2400,2
619,45311,133,45580,45447,136,269,2
620,45396,149,50506,50357,4961,5110,2
621,45491,132,45712,45580,89,221,2
622,45575,141,45992,45851,276,417,2
623,45659,139,45851,45712,53,192,2
624,45749,148,48619,48471,2722,2870,2
625,45823,156,127615,127459,81636,81792,2
626,45913,172,191452,191280,145367,145539,2
627,45964,114,46106,45992,28,142,2
628,46038,147,46253,46106,68,215,2
629,46123,127,46380,46253,130,257,2
630,46201,141,46789,46648,447,588,2
631,46256,140,46520,46380,124,264,2
632,46314,145,47205,47060,746,891,2
633,46412,169,180727,180558,134146,134315,2
634,46506,128,46648,46520,14,142,2
635,46579,147,47497,47350,771,918,2
636,46653,138,47060,46922,269,407,2
637,46721,133,46922,46789,68,201,2
638,46833,145,47350,47205,372,517,2
639,46920,170,185471,185301,138381,138551,2
640,47036,172,191624,191452,144416,144588,2
641,47116,176,200496,200320,153204,153380,2
642,47179,165,165197,165032,117853,118018,2
643,47233,157,133086,132929,85696,85853,2
644,47325,165,165362,165197,117872,118037,2
645,47402,157,133243,133086,85684,85841,2
646,47497,155,123422,123267,75770,75925,2
647,47536,132,47777,47645,109,241,2
648,47606,146,48325,48179,573,719,2
649,47683,145,47922,47777,94,239,2
650,47795,160,147023,146863,99068,99228,2
651,47868,112,48034,47922,54,166,2
652,47952,145,48179,48034,82,227,2
653,47980,146,48471,48325,345,491,2
654,48046,170,185641,185471,137425,137595,2
655,48099,169,180896,180727,132628,132797,2
656,48131,162,154416,154254,106123,106285,2
657,48212,154,119409,119255,71043,71197,2
658,48283,155,123577,123422,75139,75294,2
659,48382,165,165527,165362,116980,117145,2
660,48445,157,133400,133243,84798,84955,2
661,48490,130,48749,48619,129,259,2
662,48563,131,48880,48749,186,317,2
663,48685,150,51208,51058,2373,2523,2
664,48766,130,49010,48880,114,244,2
665,48796,150,52494,52344,3548,3698,2
666,48864,154,119563,119409,70545,70699,2
667,48964,116,49126,49010,46,162,2
668,49066,131,49257,49126,60,191,2
669,49132,136,49393,49257,125,261,2
670,49200,169,181065,180896,131696,131865,2
671,49275,149,50655,50506,1231,1380,2
672,49330,144,49537,49393,63,207,2
673,49426,137,49674,49537,111,248,2
674,49529,140,49814,49674,145,285,2
675,49631,162,154578,154416,104785,104947,2
676,49736,160,147183,147023,97287,97447,2
677,49807,140,49954,49814,7,147,2
678,49895,130,50084,49954,59,189,2
679,50011,124,50208,50084,73,197,2
680,50079,152,77083,76931,26852,27004,2
681,50129,169,181234,181065,130936,131105,2
682,50191,176,200672,200496,150305,150481,2
683,50262,158,137969,137811,87549,87707,2
684,50356,171,189051,188880,138524,138695,2
685,50485,155,123732,123577,73092,73247,2
686,50564,175,197339,197164,146600,146775,2
687,50650,115,50770,50655,5,120,2
688,50734,150,52644,52494,1760,1910,2
689,50802,151,58276,58125,7323,7474,2
690,50885,138,51058,50920,35,173,2
691,50948,170,185811,185641,134693,134863,2
692,51075,142,51350,51208,133,275,2
693,51135,142,51492,51350,215,357,2
694,51235,183,212664,212481,161246,161429,2
695,51314,142,51634,51492,178,320,2
696,51374,158,138127,137969,86595,86753,2
697,51468,149,51783,51634,166,315,2
698,51529,149,51932,51783,254,403,2
699,51599,166,167677,167511,115912,116078,2
700,51672,166,167843,167677,116005,116171,2
701,51760,169,181403,181234,129474,129643,2
702,51857,147,52079,51932,75,222,2
703,51916,171,189222,189051,137135,137306,2
704,51991,160,147343,147183,95192,95352,2
705,52042,134,52213,52079,37,171,2
706,52129,170,185981,185811,133682,133852,2
707,52207,131,52344,52213,6,137,2
708,52286,182,211569,211387,159101,159283,2
709,52387,152,77370,77218,24831,24983,2
710,52460,175,197514,197339,144879,145054,2
711,52516,191,220504,220313,167797,167988,2
712,52591,162,154740,154578,101987,102149,2
713,52673,148,52943,52795,122,270,2
714,52730,159,142879,142720,89990,90149,2
715,52809,149,53092,52943,134,283,2
716,52876,170,186151,185981,133105,133275,2
717,52957,185,214870,214685,161728,161913,2
718,53008,159,143038,142879,89871,90030,2
719,53094,178,205627,205449,152355,152533,2
720,53163,129,53372,53243,80,209,2
721,53253,158,138285,138127,84874,85032,2
722,53316,147,53519,53372,56,203,2
723,53417,158,138443,138285,84868,85026,2
724,53481,153,115414,115261,61780,61933,2
725,53546,143,54811,54668,1122,1265,2
726,53608,125,53795,53670,62,187,2
727,53672,118,54028,53910,238,356,2
728,53708,115,53910,53795,87,202,2
729,53785,144,54955,54811,1026,1170,2
730,53848,172,191796,191624,137776,137948,2
731,53927,140,54532,54392,465,605,2
732,54005,115,54143,54028,23,138,2
733,54054,132,54275,54143,89,221,2
734,54132,159,143197,143038,88906,89065,2
735,54196,117,54392,54275,79,196,2
736,54287,160,147503,147343,93056,93216,2
737,54375,178,205805,205627,151252,151430,2
738,54471,159,143356,143197,88726,88885,2
739,54526,136,54668,54532,6,142,2
740,54587,168,177188,177020,122433,122601,2
741,54671,152,78730,78578,23907,24059,2
742,54796,146,55498,55352,556,702,2
743,54831,130,55085,54955,124,254,2
744,54918,175,197689,197514,142596,142771,2
745,54977,126,55211,55085,108,234,2
746,55074,184,213949,213765,158691,158875,2
747,55169,141,55352,55211,42,183,2
748,55272,146,55785,55639,367,513,2
749,55379,141,55639,55498,119,260,2
750,55451,166,168009,167843,112392,112558,2
751,55549,157,133557,133400,77851,78008,2
752,55614,165,165692,165527,109913,110078,2
753,55685,146,56825,56679,994,1140,2
754,55747,111,55896,55785,38,149,2
755,55789,128,56024,55896,107,235,2
756,55878,136,56282,56146,268,404,2
757,55940,122,56146,56024,84,206,2
758,56059,148,57386,57238,1179,1327,2
759,56120,154,119717,119563,63443,63597,2
760,56194,141,56548,56407,213,354,2
761,56272,125,56407,56282,10,135,2
762,56335,166,168175,168009,111674,111840,2
763,56430,146,56971,56825,395,541,2
764,56507,131,56679,56548,41,172,2
765,56566,166,168341,168175,111609,111775,2
766,56650,155,123887,123732,67082,67237,2
767,56732,155,124042,123887,67155,67310,2
768,56774,155,124197,124042,67268,67423,2
769,56846,166,168507,168341,111495,111661,2
770,56903,128,57099,56971,68,196,2
771,56967,139,57238,57099,132,271,2
772,57040,153,115567,115414,58374,58527,2
773,57138,180,208493,208313,151175,151355,2
774,57234,173,194731,194558,137324,137497,2
775,57341,147,57533,57386,45,192,2
776,57455,156,127771,127615,70160,70316,2
777,57563,149,57833,57684,121,270,2
778,57649,168,177356,177188,119539,119707,2
779,57715,147,57980,57833,118,265,2
780,57752,157,133714,133557,75805,75962,2
781,57805,176,200848,200672,142867,143043,2
782,57873,175,197864,197689,139816,139991,2
783,57975,145,58125,57980,5,150,2
784,58065,153,115720,115567,57502,57655,2
785,58136,150,58426,58276,140,290,2
786,58225,156,127927,127771,69546,69702,2
787,58283,143,58819,58676,393,536,2
788,58335,131,58676,58545,210,341,2
789,58410,119,58545,58426,16,135,2
790,58505,145,59635,59490,985,1130,2
791,58603,172,191968,191796,133193,133365,2
792,58719,164,161413,161249,102530,102694,2
793,58809,140,58959,58819,10,150,2
794,58874,152,79475,79323,20449,20601,2
795,58957,143,59102,58959,2,145,2
796,59042,133,59235,59102,60,193,2
797,59122,134,59369,59235,113,247,2
798,59167,169,181572,181403,122236,122405,2
799,59291,156,128083,127927,68636,68792,2
800,59368,121,59490,59369,1,122,2
801,59466,180,208673,208493,149027,149207,2
802,59547,156,128239,128083,68536,68692,2
803,59622,163,158796,158633,99011,99174,2
804,59693,170,186321,186151,126458,126628,2
805,59761,173,194904,194731,134970,135143,2
806,59821,179,206519,206340,146519,146698,2
807,59873,143,60224,60081,208,351,2
808,59923,142,60081,59939,16,158,2
809,59996,170,186491,186321,126325,126495,2
810,60033,144,60909,60765,732,876,2
811,60105,131,60355,60224,119,250,2
812,60185,146,61454,61308,1123,1269,2
813,60239,140,60623,60483,244,384,2
814,60283,128,60483,60355,72,200,2
815,60356,169,181741,181572,121216,121385,2
816,60406,167,173166,172999,112593,112760,2
817,60457,156,128395,128239,67782,67938,2
818,60535,198,223225,223027,162492,162690,2
819,60585,142,60765,60623,38,180,2
820,60647,175,198039,197864,137217,137392,2
821,60721,157,133871,133714,72993,73150,2
822,60805,141,61050,60909,104,245,2
823,60885,172,192140,191968,131083,131255,2
824,60951,150,61880,61730,779,929,2
825,61027,132,61182,61050,23,155,2
826,61126,126,61308,61182,56,182,2
827,61175,170,186661,186491,125316,125486,2
828,61257,172,192312,192140,130883,131055,2
829,61344,148,61730,61582,238,386,2
830,61427,128,61582,61454,27,155,2
831,61509,175,198214,198039,136530,136705,2
832,61590,179,206698,206519,144929,145108,2
833,61697,166,168673,168507,106810,106976,2
834,61751,149,62029,61880,129,278,2
835,61848,159,143515,143356,81508,81667,2
836,61903,137,62166,62029,126,263,2
837,61969,185,215055,214870,152901,153086,2
838,62063,137,62303,62166,103,240,2
839,62150,193,221273,221080,158930,159123,2
840,62214,126,62429,62303,89,215,2
841,62328,159,143674,143515,81187,81346,2
842,62400,110,62539,62429,29,139,2
843,62481,171,189393,189222,126741,126912,2
844,62578,119,62810,62691,113,232,2
845,62648,165,165857,165692,103044,103209,2
846,62752,146,62956,62810,58,204,2
847,62838,154,119871,119717,56879,57033,2
848,62903,147,63103,62956,53,200,2
849,63000,139,63368,63229,229,368,2
850,63097,126,63229,63103,6,132,2
851,63169,147,63645,63498,329,476,2
852,63266,130,63498,63368,102,232,2
853,63394,166,168839,168673,105279,105445,2
854,63485,169,181910,181741,118256,118425,2
855,63569,164,161577,161413,97844,98008,2
856,63636,169,182079,181910,118274,118443,2
857,63758,137,63934,63797,39,176,2
858,63808,151,75473,75322,11514,11665,2
859,63891,136,64070,63934,43,179,2
860,63963,131,64201,64070,107,238,2
861,64049,141,64342,64201,152,293,2
862,64146,176,201024,200848,136702,136878,2
863,64220,120,64462,64342,122,242,2
864,64270,150,73401,73251,8981,9131,2
865,64347,164,161741,161577,97230,97394,2
866,64408,129,64591,64462,54,183,2
867,64502,137,64852,64715,213,350,2
868,64587,124,64715,64591,4,128,2
869,64673,149,67084,66935,2262,2411,2
870,64734,124,64976,64852,118,242,2
871,64822,135,65111,64976,154,289,2
872,64928,138,65510,65372,444,582,2
873,64977,161,151836,151675,86698,86859,2
874,65068,135,65246,65111,43,178,2
875,65129,161,151997,151836,86707,86868,2
876,65180,139,65777,65638,458,597,2
877,65242,126,65372,65246,4,130,2
878,65306,184,214133,213949,148643,148827,2
879,65344,148,66181,66033,689,837,2
880,65420,167,173333,173166,107746,107913,2
881,65499,128,65638,65510,11,139,2
882,65594,161,152158,151997,86403,86564,2
883,65650,135,66033,65898,248,383,2
884,65754,121,65898,65777,23,144,2
885,65854,165,166022,165857,100003,100168,2
886,65862,157,134028,133871,68009,68166,2
887,65965,177,203675,203498,137533,137710,2
888,66048,135,66316,66181,133,268,2
889,66120,158,138601,138443,72323,72481,2
890,66221,123,66439,66316,95,218,2
891,66313,166,169005,168839,102526,102692,2
892,66392,115,66554,66439,47,162,2
893,66463,137,66691,66554,91,228,2
894,66552,167,173500,173333,106781,106948,2
895,66624,120,66811,66691,67,187,2
896,66709,160,147663,147503,80794,80954,2
897,66776,124,66935,66811,35,159,2
898,66852,155,124352,124197,57345,57500,2
899,66948,130,67214,67084,136,266,2
900,67030,145,68285,68140,1110,1255,2
901,67073,149,71860,71711,4638,4787,2
902,67173,141,67355,67214,41,182,2
903,67267,136,68140,68004,737,873,2
904,67347,126,67481,67355,8,134,2
905,67424,134,67615,67481,57,191,2
906,67529,128,67743,67615,86,214,2
907,67611,130,67873,67743,132,262,2
908,67712,154,120025,119871,52159,52313,2
909,67757,165,166187,166022,98265,98430,2
910,67871,131,68004,67873,2,133,2
911,67922,163,158959,158796,90874,91037,2
912,68005,158,138759,138601,70596,70754,2
913,68070,160,147823,147663,79593,79753,2
914,68146,153,115873,115720,47574,47727,2
915,68227,141,68426,68285,58,199,2
916,68295,140,68819,68679,384,524,2
917,68364,115,68541,68426,62,177,2
918,68456,144,69361,69217,761,905,2
919,68512,138,68679,68541,29,167,2
920,68573,185,215240,215055,146482,146667,2
921,68622,145,69892,69747,1125,1270,2
922,68673,148,71711,71563,2890,3038,2
923,68731,130,68949,68819,88,218,2
924,68818,190,219933,219743,150925,151115,2
925,68893,136,69085,68949,56,192,2
926,68972,132,69217,69085,113,245,2
927,69074,155,124507,124352,55278,55433,2
928,69126,150,74474,74324,5198,5348,2
929,69196,147,70598,70451,1255,1402,2
930,69284,128,69489,69361,77,205,2
931,69345,143,69632,69489,144,287,2
932,69437,145,70166,70021,584,729,2
933,69521,156,128551,128395,58874,59030,2
934,69607,115,69747,69632,25,140,2
935,69698,147,70745,70598,900,1047,2
936,69808,129,70021,69892,84,213,2
937,69888,155,124662,124507,54619,54774,2
938,69958,151,75771,75620,5662,5813,2
939,70052,145,70311,70166,114,259,2
940,70149,184,214317,214133,143984,144168,2
941,70201,162,154902,154740,84539,84701,2
942,70300,140,70451,70311,11,151,2
943,70363,169,182248,182079,111716,111885,2
944,70409,168,177524,177356,106947,107115,2
945,70471,147,71275,71128,657,804,2
946,70549,179,206877,206698,136149,136328,2
947,70636,129,70874,70745,109,238,2
948,70698,149,72548,72399,1701,1850,2
949,70776,158,138917,138759,67983,68141,2
950,70840,121,70995,70874,34,155,2
951,70907,133,71128,70995,88,221,2
952,70975,150,74901,74751,3776,3926,2
953,71050,157,134185,134028,62978,63135,2
954,71117,178,205983,205805,134688,134866,2
955,71184,145,71563,71418,234,379,2
956,71261,143,71418,71275,14,157,2
957,71356,179,207056,206877,135521,135700,2
958,71455,194,221660,221466,150011,150205,2
959,71537,166,169171,169005,97468,97634,2
960,71592,156,128707,128551,56959,57115,2
961,71640,151,76208,76057,4417,4568,2
962,71693,171,189564,189393,117700,117871,2
963,71756,148,72399,72251,495,643,2
964,71815,125,71985,71860,45,170,2
965,71838,182,211751,211569,139731,139913,2
966,71926,174,196467,196293,124367,124541,2
967,71980,135,72120,71985,5,140,2
968,72060,131,72251,72120,60,191,2
969,72154,150,75051,74901,2747,2897,2
970,72252,169,182417,182248,109996,110165,2
971,72310,149,73251,73102,792,941,2
972,72425,144,72957,72813,388,532,2
973,72524,127,72675,72548,24,151,2
974,72597,138,72813,72675,78,216,2
975,72664,145,73102,72957,293,438,2
976,72754,162,155064,154902,82148,82310,2
977,72805,161,152319,152158,79353,79514,2
978,72915,162,155226,155064,82149,82311,2
979,73011,152,79763,79611,6600,6752,2
980,73072,181,210478,210297,137225,137406,2
981,73130,161,152480,152319,79189,79350,2
982,73201,183,212847,212664,139463,139646,2
983,73311,175,198389,198214,124903,125078,2
984,73372,136,73537,73401,29,165,2
985,73437,152,99357,99205,25768,25920,2
986,73510,138,73675,73537,27,165,2
987,73580,162,155388,155226,81646,81808,2
988,73659,119,73794,73675,16,135,2
989,73749,132,73926,73794,45,177,2
990,73823,145,74071,73926,103,248,2
991,73907,182,211933,211751,137844,138026,2
992,74004,135,74324,74189,185,320,2
993,74051,118,74189,74071,20,138,2
994,74140,173,195077,194904,120764,120937,2
995,74187,162,155550,155388,81201,81363,2
996,74284,162,155712,155550,81266,81428,2
997,74357,144,74618,74474,117,261,2
998,74451,159,143833,143674,69223,69382,2
999,74480,133,74751,74618,138,271,2
1000,74580,157,134342,134185,59605,59762,2
1001,74639,161,152641,152480,77841,78002,2
1002,74720,177,203852,203675,128955,129132,2
1003,74792,168,177692,177524,102732,102900,2
1004,74914,168,177860,177692,102778,102946,2
1005,75017,129,75180,75051,34,163,2
1006,75072,164,161905,161741,86669,86833,2
1007,75134,142,75322,75180,46,188,2
1008,75196,158,139075,138917,63721,63879,2
1009,75323,164,162069,161905,86582,86746,2
1010,75411,147,75620,75473,62,209,2
1011,75470,166,169337,169171,93701,93867,2
1012,75555,159,143992,143833,68278,68437,2
1013,75648,145,75916,75771,123,268,2
1014,75724,199,223623,223424,147700,147899,2
1015,75789,165,166352,166187,90398,90563,2
1016,75840,155,124817,124662,48822,48977,2
1017,75906,141,76057,75916,10,151,2
1018,75986,164,162233,162069,86083,86247,2
1019,76090,180,208853,208673,132583,132763,2
1020,76135,172,192484,192312,116177,116349,2
1021,76218,135,76495,76360,142,277,2
1022,76301,156,128863,128707,52406,52562,2
1023,76403,132,76627,76495,92,224,2
1024,76474,158,139233,139075,62601,62759,2
1025,76540,156,129019,128863,52323,52479,2
1026,76653,191,220695,220504,143851,144042,2
1027,76723,183,213030,212847,136124,136307,2
1028,76803,159,144151,143992,67189,67348,2
1029,76900,157,134499,134342,57442,57599,2
1030,76979,154,120179,120025,43046,43200,2
1031,77036,135,77218,77083,47,182,2
1032,77142,167,173667,173500,96358,96525,2
1033,77260,108,77478,77370,110,218,2
1034,77299,159,144310,144151,66852,67011,2
1035,77348,142,77750,77608,260,402,2
1036,77413,143,78031,77888,475,618,2
1037,77475,130,77608,77478,3,133,2
1038,77559,156,129175,129019,51460,51616,2
1039,77648,138,77888,77750,102,240,2
1040,77712,154,120333,120179,42467,42621,2
1041,77785,172,192656,192484,114699,114871,2
1042,77861,145,78176,78031,170,315,2
1043,77918,161,152802,152641,74723,74884,2
1044,77973,162,155874,155712,77739,77901,2
1045,78050,150,78326,78176,126,276,2
1046,78159,180,209033,208853,130694,130874,2
1047,78243,136,78462,78326,83,219,2
1048,78325,165,166517,166352,88027,88192,2
1049,78399,159,144469,144310,65911,66070,2
1050,78444,116,78578,78462,18,134,2
1051,78458,164,162397,162233,83775,83939,2
1052,78506,162,156036,155874,77368,77530,2
1053,78595,173,195250,195077,116482,116655,2
1054,78621,156,129331,129175,50554,50710,2
1055,78693,149,78879,78730,37,186,2
1056,78782,151,79030,78879,97,248,2
1057,78843,168,178028,177860,99017,99185,2
1058,78895,142,79172,79030,135,277,2
1059,78963,170,186831,186661,107698,107868,2
1060,79032,151,79323,79172,140,291,2
1061,79155,152,102090,101938,22783,22935,2
1062,79205,161,152963,152802,73597,73758,2
1063,79280,169,182586,182417,103137,103306,2
1064,79389,136,79611,79475,86,222,2
1065,79475,167,173834,173667,94192,94359,2
1066,79555,180,209213,209033,129478,129658,2
1067,79619,184,214501,214317,134698,134882,2
1068,79680,127,79890,79763,83,210,2
1069,79737,144,80532,80388,651,795,2
1070,79838,142,80131,79989,151,293,2
1071,79880,99,79989,79890,10,109,2
1072,79971,147,80679,80532,561,708,2
1073,80068,143,80274,80131,63,206,2
1074,80146,114,80388,80274,128,242,2
1075,80268,156,129487,129331,49063,49219,2
1076,80348,181,210659,210478,130130,130311,2
1077,80411,179,207235,207056,126645,126824,2
1078,80497,149,85134,84985,4488,4637,2
1079,80543,136,81295,81159,616,752,2
1080,80605,143,81571,81428,823,966,2
1081,80666,120,80799,80679,13,133,2
1082,80759,128,81159,81031,272,400,2
1083,80789,110,80909,80799,10,120,2
1084,80860,122,81031,80909,49,171,2
1085,80951,146,82137,81991,1040,1186,2
1086,81007,147,83883,83736,2729,2876,2
1087,81091,182,212115,211933,130842,131024,2
1088,81146,149,90165,90016,8870,9019,2
1089,81191,133,81428,81295,104,237,2
1090,81287,148,84985,84837,3550,3698,2
1091,81357,152,103161,103009,21652,21804,2
1092,81463,196,222634,222438,140975,141171,2
1093,81526,145,81716,81571,45,190,2
1094,81605,174,196641,196467,114862,115036,2
1095,81680,145,81861,81716,36,181,2
1096,81735,152,104655,104503,22768,22920,2
1097,81825,130,81991,81861,36,166,2
1098,81919,149,91299,91150,9231,9380,2
1099,81993,140,82794,82654,661,801,2
1100,82042,121,82258,82137,95,216,2
1101,82093,146,82940,82794,701,847,2
1102,82161,170,187001,186831,104670,104840,2
1103,82215,132,82390,82258,43,175,2
1104,82279,136,82526,82390,111,247,2
1105,82397,128,82654,82526,129,257,2
1106,82503,162,156198,156036,73533,73695,2
1107,82567,152,105054,104902,22335,22487,2
1108,82649,162,156360,156198,73549,73711,2
1109,82720,158,139391,139233,56513,56671,2
1110,82789,160,147983,147823,65034,65194,2
1111,82899,118,83058,82940,41,159,2
1112,82991,131,83189,83058,67,198,2
1113,83098,156,129643,129487,46389,46545,2
1114,83153,142,83331,83189,36,178,2
1115,83237,136,83467,83331,94,230,2
1116,83325,177,204029,203852,120527,120704,2
1117,83369,125,83592,83467,98,223,2
1118,83402,155,124972,124817,41415,41570,2
1119,83449,144,83736,83592,143,287,2
1120,83523,166,169503,169337,85814,85980,2
1121,83636,150,95083,94933,11297,11447,2
1122,83700,162,156522,156360,72660,72822,2
1123,83777,147,84154,84007,230,377,2
1124,83860,124,84007,83883,23,147,2
1125,83922,160,148143,147983,64061,64221,2
1126,84015,134,84288,84154,139,273,2
1127,84088,149,91586,91437,7349,7498,2
1128,84172,169,182755,182586,98414,98583,2
1129,84221,131,84419,84288,67,198,2
1130,84303,141,84560,84419,116,257,2
1131,84381,152,105345,105193,20812,20964,2
1132,84460,147,84707,84560,100,247,2
1133,84529,169,182924,182755,98226,98395,2
1134,84627,164,162561,162397,77770,77934,2
1135,84692,130,84837,84707,15,145,2
1136,84743,150,95751,95601,10858,11008,2
1137,84807,155,125127,124972,40165,40320,2
1138,84916,155,125282,125127,40211,40366,2
1139,84995,136,85270,85134,139,275,2
1140,85053,145,86339,86194,1141,1286,2
1141,85108,143,85953,85810,702,845,2
1142,85177,151,96738,96587,11410,11561,2
1143,85233,135,85405,85270,37,172,2
1144,85321,176,201200,201024,115703,115879,2
1145,85403,124,85529,85405,2,126,2
1146,85477,139,85668,85529,52,191,2
1147,85531,212,224234,224022,138491,138703,2
1148,85630,142,85810,85668,38,180,2
1149,85741,151,97815,97664,11923,12074,2
1150,85843,112,86065,85953,110,222,2
1151,85891,146,88120,87974,2083,2229,2
1152,85953,158,139549,139391,53438,53596,2
1153,86016,129,86194,86065,49,178,2
1154,86126,154,120487,120333,34207,34361,2
1155,86189,151,97966,97815,11626,11777,2
1156,86271,142,86481,86339,68,210,2
1157,86340,171,189735,189564,103224,103395,2
1158,86439,139,86620,86481,42,181,2
1159,86558,140,87025,86885,327,467,2
1160,86611,136,86756,86620,9,145,2
1161,86711,129,86885,86756,45,174,2
1162,86754,155,125437,125282,38528,38683,2
1163,86836,148,88936,88788,1952,2100,2
1164,86915,135,87294,87159,244,379,2
1165,86988,134,87159,87025,37,171,2
1166,87043,143,87974,87831,788,931,2
1167,87124,160,148303,148143,61019,61179,2
1168,87192,139,87566,87427,235,374,2
1169,87243,133,87427,87294,51,184,2
1170,87346,149,91869,91720,4374,4523,2
1171,87398,142,87831,87689,291,433,2
1172,87465,188,217855,217667,130202,130390,2
1173,87532,123,87689,87566,34,157,2
1174,87634,148,89868,89720,2086,2234,2
1175,87684,153,116026,115873,28189,28342,2
1176,87731,146,88657,88511,780,926,2
1177,87813,155,125592,125437,37624,37779,2
1178,87887,167,174001,173834,85947,86114,2
1179,87948,157,134656,134499,46551,46708,2
1180,88036,125,88245,88120,84,209,2
1181,88119,131,88376,88245,126,257,2
1182,88211,160,148463,148303,60092,60252,2
1183,88264,150,96166,96016,7752,7902,2
1184,88369,135,88511,88376,7,142,2
1185,88428,156,129799,129643,41215,41371,2
1186,88493,162,156684,156522,68029,68191,2
1187,88590,131,88788,88657,67,198,2
1188,88650,169,183093,182924,94274,94443,2
1189,88716,190,220123,219933,131217,131407,2
1190,88806,144,89080,88936,130,274,2
1191,88880,149,94129,93980,5100,5249,2
1192,88938,142,89473,89331,393,535,2
1193,89012,131,89211,89080,68,199,2
1194,89069,148,90016,89868,799,947,2
1195,89177,120,89331,89211,34,154,2
1196,89273,145,89618,89473,200,345,2
1197,89342,196,222830,222634,133292,133488,2
1198,89404,161,153124,152963,63559,63720,2
1199,89486,161,153285,153124,63638,63799,2
1200,89575,102,89720,89618,43,145,2
1201,89625,195,222438,222243,132618,132813,2
1202,89699,166,169669,169503,79804,79970,2
1203,89785,167,174168,174001,84216,84383,2
1204,89860,192,220887,220695,130835,131027,2
1205,89929,154,120641,120487,30558,30712,2
1206,90021,121,90395,90274,253,374,2
1207,90099,148,90939,90791,692,840,2
1208,90157,109,90274,90165,8,117,2
1209,90228,128,90523,90395,167,295,2
1210,90308,169,183262,183093,92785,92954,2
1211,90343,128,90651,90523,180,308,2
1212,90450,140,90791,90651,201,341,2
1213,90515,168,178196,178028,87513,87681,2
1214,90581,154,120795,120641,30060,30214,2
1215,90680,170,187171,187001,96321,96491,2
1216,90759,150,96587,96437,5678,5828,2
1217,90812,98,91037,90939,127,225,2
1218,90899,157,134813,134656,43757,43914,2
1219,90973,113,91150,91037,64,177,2
1220,91028,190,220313,220123,129095,129285,2
1221,91118,160,148623,148463,57345,57505,2
1222,91250,138,91437,91299,49,187,2
1223,91292,176,201376,201200,109908,110084,2
1224,91356,158,139707,139549,48193,48351,2
1225,91439,158,139865,139707,48268,48426,2
1226,91488,168,178364,178196,86708,86876,2
1227,91546,134,91720,91586,40,174,2
1228,91616,160,148783,148623,57007,57167,2
1229,91651,154,120949,120795,29144,29298,2
1230,91719,175,198564,198389,106670,106845,2
1231,91793,129,91998,91869,76,205,2
1232,91847,137,92262,92125,278,415,2
1233,91953,127,92125,91998,45,172,2
1234,91987,154,121103,120949,28962,29116,2
1235,92078,148,92410,92262,184,332,2
1236,92120,149,94560,94411,2291,2440,2
1237,92190,179,207414,207235,115045,115224,2
1238,92269,142,93205,93063,794,936,2
1239,92352,137,92547,92410,58,195,2
1240,92446,128,92802,92674,228,356,2
1241,92501,127,92674,92547,46,173,2
1242,92580,165,166682,166517,73937,74102,2
1243,92623,164,162725,162561,69938,70102,2
1244,92675,168,178532,178364,85689,85857,2
1245,92737,128,92930,92802,65,193,2
1246,92805,133,93063,92930,125,258,2
1247,92899,156,129955,129799,36900,37056,2
1248,92959,146,93351,93205,246,392,2
1249,93021,160,148943,148783,55762,55922,2
1250,93118,156,130111,129955,36837,36993,2
1251,93212,154,121257,121103,27891,28045,2
1252,93272,127,93478,93351,79,206,2
1253,93295,141,93849,93708,413,554,2
1254,93341,139,93617,93478,137,276,2
1255,93407,163,159122,158959,65552,65715,2
1256,93508,169,183431,183262,89754,89923,2
1257,93580,91,93708,93617,37,128,2
1258,93653,161,153446,153285,59632,59793,2
1259,93718,153,116179,116026,22308,22461,2
1260,93771,184,214685,214501,120730,120914,2
1261,93807,131,93980,93849,42,173,2
1262,93919,166,169835,169669,75750,75916,2
1263,94001,136,94265,94129,128,264,2
1264,94077,187,216730,216543,122466,122653,2
1265,94164,146,94411,94265,101,247,2
1266,94232,167,174335,174168,79936,80103,2
1267,94287,158,140023,139865,45578,45736,2
1268,94332,171,189906,189735,95403,95574,2
1269,94414,123,94683,94560,146,269,2
1270,94466,136,94933,94797,331,467,2
1271,94561,114,94797,94683,122,236,2
1272,94679,153,116332,116179,21500,21653,2
1273,94796,154,121411,121257,26461,26615,2
1274,94877,162,156846,156684,61807,61969,2
1275,94963,175,198739,198564,103601,103776,2
1276,95046,117,95200,95083,37,154,2
1277,95133,177,204206,204029,108896,109073,2
1278,95184,130,95330,95200,16,146,2
1279,95263,135,95465,95330,67,202,2
1280,95333,136,95601,95465,132,268,2
1281,95411,194,221854,221660,126249,126443,2
1282,95512,153,116485,116332,20820,20973,2
1283,95624,138,95889,95751,127,265,2
1284,95708,160,149103,148943,53235,53395,2
1285,95781,127,96016,95889,108,235,2
1286,95847,154,121565,121411,25564,25718,2
1287,95913,154,121719,121565,25652,25806,2
1288,95957,167,174502,174335,78378,78545,2
1289,96017,149,96437,96288,271,420,2
1290,96113,122,96288,96166,53,175,2
1291,96172,178,206161,205983,109811,109989,2
1292,96247,189,219364,219175,122928,123117,2
1293,96318,151,98530,98379,2061,2212,2
1294,96417,159,144628,144469,48052,48211,2
1295,96493,162,157008,156846,60353,60515,2
1296,96546,157,134970,134813,38267,38424,2
1297,96623,164,162889,162725,66102,66266,2
1298,96736,143,96881,96738,2,145,2
1299,96799,152,105766,105614,8815,8967,2
1300,96841,150,97031,96881,40,190,2
1301,96932,163,159285,159122,62190,62353,2
1302,97001,140,97171,97031,30,170,2
1303,97088,113,97284,97171,83,196,2
1304,97151,175,198914,198739,101588,101763,2
1305,97209,132,97416,97284,75,207,2
1306,97315,133,97664,97531,216,349,2
1307,97397,115,97531,97416,19,134,2
1308,97462,188,218043,217855,120393,120581,2
1309,97511,162,157170,157008,59497,59659,2
1310,97590,160,149263,149103,51513,51673,2
1311,97682,180,209393,209213,111531,111711,2
1312,97738,159,144787,144628,46890,47049,2
1313,97815,156,130267,130111,32296,32452,2
1314,97922,115,98081,97966,44,159,2
1315,98017,162,157332,157170,59153,59315,2
1316,98073,148,98229,98081,8,156,2
1317,98134,179,207593,207414,109280,109459,2
1318,98214,150,98379,98229,15,165,2
1319,98283,151,99069,98918,635,786,2
1320,98327,166,170001,169835,71508,71674,2
1321,98397,149,98679,98530,133,282,2
1322,98489,156,130423,130267,31778,31934,2
1323,98534,156,130579,130423,31889,32045,2
1324,98627,166,170167,170001,71374,71540,2
1325,98659,132,98811,98679,20,152,2
1326,98715,153,116638,116485,17770,17923,2
1327,98795,107,98918,98811,16,123,2
1328,98851,177,204383,204206,105355,105532,2
1329,98922,136,99205,99069,147,283,2
1330,98986,159,144946,144787,45801,45960,2
1331,99032,174,196815,196641,97609,97783,2
1332,99097,160,149423,149263,50166,50326,2
1333,99154,180,209573,209393,110239,110419,2
1334,99243,125,99599,99474,231,356,2
1335,99288,117,99474,99357,69,186,2
1336,99386,132,99731,99599,213,345,2
1337,99485,187,216917,216730,117245,117432,2
1338,99558,154,121873,121719,22161,22315,2
1339,99637,160,149583,149423,49786,49946,2
1340,99674,141,99872,99731,57,198,2
1341,99733,127,99999,99872,139,266,2
1342,99812,143,100142,99999,187,330,2
1343,99913,156,130735,130579,30666,30822,2
1344,99980,166,170333,170167,70187,70353,2
1345,100028,158,140181,140023,39995,40153,2
1346,100139,146,100288,100142,3,149,2
1347,100199,107,100395,100288,89,196,2
1348,100263,114,100509,100395,132,246,2
1349,100364,125,100634,100509,145,270,2
1350,100443,155,125747,125592,25149,25304,2
1351,100535,125,100759,100634,99,224,2
1352,100611,132,100891,100759,148,280,2
1353,100705,136,101155,101019,314,450,2
1354,100786,138,101401,101263,477,615,2
1355,100878,128,101019,100891,13,141,2
1356,100961,158,140339,140181,39220,39378,2
1357,101068,141,101542,101401,333,474,2
1358,101150,108,101263,101155,5,113,2
1359,101222,166,170499,170333,69111,69277,2
1360,101327,156,130891,130735,29408,29564,2
1361,101388,147,101689,101542,154,301,2
1362,101433,187,217104,216917,115484,115671,2
1363,101506,163,159448,159285,57779,57942,2
1364,101564,114,101803,101689,125,239,2
1365,101637,163,159611,159448,57811,57974,2
1366,101742,135,101938,101803,61,196,2
1367,101811,199,223822,223623,121812,122011,2
1368,101892,154,122027,121873,19981,20135,2
1369,101991,163,159774,159611,57620,57783,2
1370,102076,137,102227,102090,14,151,2
1371,102145,122,102465,102343,198,320,2
1372,102222,116,102343,102227,5,121,2
1373,102283,140,102735,102595,312,452,2
1374,102374,166,170665,170499,68125,68291,2
1375,102430,130,102595,102465,35,165,2
1376,102511,158,140497,140339,37828,37986,2
1377,102580,145,102880,102735,155,300,2
1378,102642,168,178700,178532,75890,76058,2
1379,102707,158,140655,140497,37790,37948,2
1380,102760,129,103009,102880,120,249,2
1381,102819,157,135127,134970,32151,32308,2
1382,102910,155,125902,125747,22837,22992,2
1383,102970,183,213213,213030,110060,110243,2
1384,103032,142,103303,103161,129,271,2
1385,103116,162,157494,157332,54216,54378,2
1386,103195,145,103703,103558,363,508,2
1387,103298,135,103438,103303,5,140,2
1388,103373,120,103558,103438,65,185,2
1389,103419,156,131047,130891,27472,27628,2
1390,103495,160,149743,149583,46088,46248,2
1391,103554,147,104107,103960,406,553,2
1392,103607,166,170831,170665,67058,67224,2
1393,103647,137,103840,103703,56,193,2
1394,103718,176,201552,201376,97658,97834,2
1395,103793,120,103960,103840,47,167,2
1396,103859,177,204560,204383,100524,100701,2
1397,103897,162,157656,157494,53597,53759,2
1398,103984,133,104240,104107,123,256,2
1399,104057,135,104375,104240,183,318,2
1400,104160,155,126057,125902,21742,21897,2
1401,104243,128,104503,104375,132,260,2
1402,104335,164,163053,162889,58554,58718,2
1403,104421,173,195423,195250,90829,91002,2
1404,104503,175,199089,198914,94411,94586,2
1405,104567,131,104902,104771,204,335,2
1406,104644,116,104771,104655,11,127,2
1407,104698,186,216356,216170,111472,111658,2
1408,104776,158,140813,140655,35879,36037,2
1409,104867,170,187341,187171,82304,82474,2
1410,104946,139,105193,105054,108,247,2
1411,105030,156,131203,131047,26017,26173,2
1412,105103,153,116791,116638,11535,11688,2
1413,105188,157,135284,135127,29939,30096,2
1414,105240,168,178868,178700,73460,73628,2
1415,105326,125,105470,105345,19,144,2
1416,105408,144,105614,105470,62,206,2
1417,105499,188,218231,218043,112544,112732,2
1418,105570,155,126212,126057,20487,20642,2
1419,105653,139,106042,105903,250,389,2
1420,105729,137,105903,105766,37,174,2
1421,105827,187,217291,217104,111277,111464,2
1422,105939,143,106185,106042,103,246,2
1423,106056,162,157818,157656,51600,51762,2
1424,106104,145,106719,106574,470,615,2
1425,106136,140,106325,106185,49,189,2
1426,106229,127,106574,106447,218,345,2
1427,106325,122,106447,106325,0,122,2
1428,106378,172,192828,192656,86278,86450,2
1429,106462,151,112508,112357,5895,6046,2
1430,106540,166,170997,170831,64291,64457,2
1431,106625,149,106868,106719,94,243,2
1432,106689,149,107017,106868,179,328,2
1433,106775,163,159937,159774,52999,53162,2
1434,106892,158,140971,140813,33921,34079,2
1435,106983,146,107435,107289,306,452,2
1436,106997,137,107154,107017,20,157,2
1437,107068,166,171163,170997,63929,64095,2
1438,107139,135,107289,107154,15,150,2
1439,107223,157,135441,135284,28061,28218,2
1440,107290,175,199264,199089,91799,91974,2
1441,107402,124,107559,107435,33,157,2
1442,107430,166,171329,171163,63733,63899,2
1443,107499,139,107698,107559,60,199,2
1444,107545,193,221466,221273,113728,113921,2
1445,107618,131,107944,107813,195,326,2
1446,107677,115,107813,107698,21,136,2
1447,107769,139,109576,109437,1668,1807,2
1448,107855,155,126367,126212,18357,18512,2
1449,107902,133,108077,107944,42,175,2
1450,107934,146,109981,109835,1901,2047,2
1451,108015,139,109835,109696,1681,1820,2
1452,108076,123,108200,108077,1,124,2
1453,108146,126,108326,108200,54,180,2
1454,108224,167,174669,174502,66278,66445,2
1455,108283,125,108451,108326,43,168,2
1456,108342,137,108705,108568,226,363,2
1457,108444,117,108568,108451,7,124,2
1458,108505,194,222048,221854,113349,113543,2
1459,108600,129,108834,108705,105,234,2
1460,108668,131,109074,108943,275,406,2
1461,108729,109,108943,108834,105,214,2
1462,108836,146,110948,110802,1966,2112,2
1463,108891,134,109208,109074,183,317,2
1464,108990,188,218419,218231,109241,109429,2
1465,109058,149,112058,111909,2851,3000,2
1466,109114,107,109315,109208,94,201,2
1467,109200,176,201728,201552,92352,92528,2
1468,109263,122,109437,109315,52,174,2
1469,109334,152,112660,112508,3174,3326,2
1470,109400,167,174836,174669,65269,65436,2
1471,109475,120,109696,109576,101,221,2
1472,109554,156,131359,131203,21649,21805,2
1473,109648,174,196989,196815,87167,87341,2
1474,109730,171,190077,189906,80176,80347,2
1475,109798,159,145105,144946,35148,35307,2
1476,109895,134,110115,109981,86,220,2
1477,109953,164,163217,163053,53100,53264,2
1478,110032,137,110388,110251,219,356,2
1479,110091,136,110251,110115,24,160,2
1480,110181,137,110525,110388,207,344,2
1481,110244,142,110802,110660,416,558,2
1482,110335,146,111094,110948,613,759,2
1483,110440,161,153607,153446,43006,43167,2
1484,110500,135,110660,110525,25,160,2
1485,110546,148,111909,111761,1215,1363,2
1486,110595,159,145264,145105,34510,34669,2
1487,110649,147,111761,111614,965,1112,2
1488,110748,171,190248,190077,79329,79500,2
1489,110835,159,145423,145264,34429,34588,2
1490,110872,161,153768,153607,42735,42896,2
1491,110938,189,219553,219364,108426,108615,2
1492,111018,134,111228,111094,76,210,2
1493,111100,177,204737,204560,93460,93637,2
1494,111151,119,111347,111228,77,196,2
1495,111209,165,166847,166682,55473,55638,2
1496,111289,138,111485,111347,58,196,2
1497,111382,129,111614,111485,103,232,2
1498,111435,149,112207,112058,623,772,2
1499,111514,150,112357,112207,693,843,2
Average Response Time,49789.37266666667
Average Turnaround Time,49938.95933333333
