Index,Arrival Time,Job Size,Start Job,Initial Clock Time,End Time,Response Time,Turnaround Time,Final Clock Time,Job State
0,95,251,95,95,346,0,251,346,2
1,201,225,346,346,571,145,370,571,2
2,267,251,168770,168770,169021,168503,168754,169021,2
3,380,253,187888,187888,188141,187508,187761,188141,2
4,452,254,197755,197755,198009,197303,197557,198009,2
5,526,250,571,571,821,45,295,821,2
6,617,247,821,821,1189,204,572,1189,2
7,711,254,198009,198009,198263,197298,197552,198263,2
8,773,248,1189,1189,1525,416,752,1525,2
9,873,48,873,873,921,0,48,921,2
10,923,0,923,923,923,0,0,923,2
11,983,263,253457,253457,253720,252474,252737,253720,2
12,1017,260,236757,236757,237017,235740,236000,237017,2
13,1071,44,1071,1071,1115,0,44,1115,2
14,1121,29,1121,1121,1150,0,29,1150,2
15,1191,43,1191,1191,1234,0,43,1234,2
16,1315,45,1315,1315,1360,0,45,1360,2
17,1373,245,1525,1525,1770,152,397,1770,2
18,1455,260,237017,237017,237277,235562,235822,237277,2
19,1524,264,260032,260032,260296,258508,258772,260296,2
20,1585,248,1770,1770,2018,185,433,2018,2
21,1686,251,169021,169021,169272,167335,167586,169272,2
22,1743,255,203089,203089,203344,201346,201601,203344,2
23,1812,256,208954,208954,209210,207142,207398,209210,2
24,1886,268,279146,279146,279414,277260,277528,279414,2
25,1951,242,2018,2018,2469,67,518,2469,2
26,2031,209,2031,2031,2240,0,209,2240,2
27,2103,251,169272,169272,169523,167169,167420,169523,2
28,2190,251,169523,169523,169774,167333,167584,169774,2
29,2261,259,230023,230023,230282,227762,228021,230282,2
30,2321,269,282094,282094,282363,279773,280042,282363,2
31,2402,249,2469,2469,2718,67,316,2718,2
32,2489,266,270084,270084,270350,267595,267861,270350,2
33,2545,227,2996,2996,3223,451,678,3223,2
34,2630,252,177304,177304,177556,174674,174926,177556,2
35,2687,225,2718,2718,2996,31,309,2996,2
36,2753,240,4938,4938,5209,2185,2456,5209,2
37,2818,53,2818,2818,2871,0,53,2871,2
38,2877,237,4412,4412,4701,1535,1824,4701,2
39,2934,254,198263,198263,198517,195329,195583,198517,2
40,3018,240,5209,5209,5506,2191,2488,5506,2
41,3067,230,3440,3440,3670,373,603,3670,2
42,3149,217,3223,3223,3440,74,291,3440,2
43,3221,265,264784,264784,265049,261563,261828,265049,2
44,3307,270,286129,286129,286399,282822,283092,286399,2
45,3380,285,310034,310034,310319,306654,306939,310319,2
46,3417,251,169774,169774,170025,166357,166608,170025,2
47,3490,243,6083,6083,6379,2593,2889,6379,2
48,3547,237,4701,4701,4938,1154,1391,4938,2
49,3610,226,3670,3670,3951,60,341,3951,2
50,3676,228,3951,3951,4179,275,503,4179,2
51,3741,55,3741,3741,3796,0,55,3796,2
52,3792,252,177556,177556,177808,173764,174016,177808,2
53,3876,254,198517,198517,198771,194641,194895,198771,2
54,3967,262,248741,248741,249003,244774,245036,249003,2
55,4016,233,4179,4179,4412,163,396,4412,2
56,4100,0,4100,4100,4100,0,0,4100,2
57,4186,245,123226,123226,123471,119040,119285,123471,2
58,4251,250,162020,162020,162270,157769,158019,162270,2
59,4310,246,130576,130576,130822,126266,126512,130822,2
60,4377,274,296169,296169,296443,291792,292066,296443,2
61,4459,52,4459,4459,4511,0,52,4511,2
62,4556,0,4556,4556,4556,0,0,4556,2
63,4614,251,170025,170025,170276,165411,165662,170276,2
64,4695,247,136972,136972,137219,132277,132524,137219,2
65,4760,253,188141,188141,188394,183381,183634,188394,2
66,4855,264,260296,260296,260560,255441,255705,260560,2
67,4926,247,137219,137219,137466,132293,132540,137466,2
68,4994,252,177808,177808,178060,172814,173066,178060,2
69,5056,254,198771,198771,199025,193715,193969,199025,2
70,5127,31,5127,5127,5158,0,31,5158,2
71,5187,265,265049,265049,265314,259862,260127,265314,2
72,5272,57,5272,5272,5329,0,57,5329,2
73,5339,225,5506,5506,5850,167,511,5850,2
74,5437,265,265314,265314,265579,259877,260142,265579,2
75,5506,233,5850,5850,6083,344,577,6083,2
76,5549,63,5549,5549,5612,0,63,5612,2
77,5638,56,5638,5638,5694,0,56,5694,2
78,5700,263,253720,253720,253983,248020,248283,253983,2
79,5754,259,230282,230282,230541,224528,224787,230541,2
80,5830,251,170276,170276,170527,164446,164697,170527,2
81,5893,255,203344,203344,203599,197451,197706,203599,2
82,5962,258,223573,223573,223831,217611,217869,223831,2
83,5994,258,223831,223831,224089,217837,218095,224089,2
84,6043,247,137466,137466,137713,131423,131670,137713,2
85,6113,277,302215,302215,302492,296102,296379,302492,2
86,6175,53,6175,6175,6228,0,53,6228,2
87,6243,256,209210,209210,209466,202967,203223,209466,2
88,6271,243,6439,6439,6682,168,411,6682,2
89,6340,60,6379,6379,6439,39,99,6439,2
90,6441,264,260560,260560,260824,254119,254383,260824,2
91,6512,256,209466,209466,209722,202954,203210,209722,2
92,6575,252,178060,178060,178312,171485,171737,178312,2
93,6645,244,6682,6682,6926,37,281,6926,2
94,6724,236,7403,7403,7707,679,983,7707,2
95,6792,213,6926,6926,7139,134,347,7139,2
96,6853,234,7139,7139,7403,286,550,7403,2
97,6938,239,7707,7707,7946,769,1008,7946,2
98,7014,241,7946,7946,8187,932,1173,8187,2
99,7110,256,209722,209722,209978,202612,202868,209978,2
100,7209,30,7209,7209,7239,0,30,7239,2
101,7279,253,188394,188394,188647,181115,181368,188647,2
102,7335,253,188647,188647,188900,181312,181565,188900,2
103,7395,265,265579,265579,265844,258184,258449,265844,2
104,7452,259,230541,230541,230800,223089,223348,230800,2
105,7532,68,7532,7532,7600,0,68,7600,2
106,7574,267,274340,274340,274607,266766,267033,274607,2
107,7633,251,170527,170527,170778,162894,163145,170778,2
108,7735,269,282363,282363,282632,274628,274897,282632,2
109,7812,275,298909,298909,299184,291097,291372,299184,2
110,7872,262,249003,249003,249265,241131,241393,249265,2
111,7951,264,260824,260824,261088,252873,253137,261088,2
112,8028,233,8505,8505,8793,477,765,8793,2
113,8061,260,237277,237277,237537,229216,229476,237537,2
114,8128,231,8187,8187,8505,59,377,8505,2
115,8215,247,137713,137713,137960,129498,129745,137960,2
116,8289,40,8289,8289,8329,0,40,8329,2
117,8337,238,9162,9162,9400,825,1063,9400,2
118,8387,47,8387,8387,8434,0,47,8434,2
119,8447,263,253983,253983,254246,245536,245799,254246,2
120,8524,55,8524,8524,8579,0,55,8579,2
121,8587,254,199025,199025,199279,190438,190692,199279,2
122,8652,221,8793,8793,9065,141,413,9065,2
123,8742,249,154052,154052,154301,145310,145559,154301,2
124,8798,51,8798,8798,8849,0,51,8849,2
125,8890,254,199279,199279,199533,190389,190643,199533,2
126,8965,255,203599,203599,203854,194634,194889,203854,2
127,9052,50,9065,9065,9115,13,63,9115,2
128,9074,47,9115,9115,9162,41,88,9162,2
129,9127,244,117126,117126,117370,107999,108243,117370,2
130,9213,205,9400,9400,9605,187,392,9605,2
131,9297,253,188900,188900,189153,179603,179856,189153,2
132,9360,221,9605,9605,9826,245,466,9826,2
133,9417,262,249265,249265,249527,239848,240110,249527,2
134,9475,229,9826,9826,10055,351,580,10055,2
135,9558,239,10055,10055,10294,497,736,10294,2
136,9622,246,130822,130822,131068,121200,121446,131068,2
137,9708,263,254246,254246,254509,244538,244801,254509,2
138,9807,259,230800,230800,231059,220993,221252,231059,2
139,9865,289,311467,311467,311756,301602,301891,311756,2
140,9985,260,237537,237537,237797,227552,227812,237797,2
141,10064,272,291810,291810,292082,281746,282018,292082,2
142,10120,240,10294,10294,10534,174,414,10534,2
143,10183,243,42903,42903,43146,32720,32963,43146,2
144,10287,247,137960,137960,138207,127673,127920,138207,2
145,10363,247,138207,138207,138454,127844,128091,138454,2
146,10440,223,10534,10534,10805,94,365,10805,2
147,10526,232,10805,10805,11037,279,511,11037,2
148,10574,241,11271,11271,11512,697,938,11512,2
149,10664,0,10664,10664,10664,0,0,10664,2
150,10697,48,10697,10697,10745,0,48,10745,2
151,10768,245,123471,123471,123716,112703,112948,123716,2
152,10840,250,162270,162270,162520,151430,151680,162520,2
153,10931,246,131068,131068,131314,120137,120383,131314,2
154,11000,234,11037,11037,11271,37,271,11271,2
155,11063,264,261088,261088,261352,250025,250289,261352,2
156,11140,251,170778,170778,171029,159638,159889,171029,2
157,11250,255,203854,203854,204109,192604,192859,204109,2
158,11264,248,144876,144876,145124,133612,133860,145124,2
159,11351,235,11512,11512,11973,161,622,11973,2
160,11423,239,18278,18278,18563,6855,7140,18563,2
161,11519,226,11519,11519,11745,0,226,11745,2
163,11597,228,11973,11973,12201,376,604,12201,2
162,11605,242,19848,19848,20090,8243,8485,20090,2
164,11681,239,18605,18605,18844,6924,7163,18844,2
165,11777,268,279414,279414,279682,267637,267905,279682,2
166,11836,247,138454,138454,138701,126618,126865,138701,2
167,11920,259,231059,231059,231318,219139,219398,231318,2
168,11998,236,12201,12201,12437,203,439,12437,2
169,12098,238,12670,12670,12981,572,883,12981,2
170,12167,252,178312,178312,178564,166145,166397,178564,2
171,12239,252,178564,178564,178816,166325,166577,178816,2
172,12281,245,123716,123716,123961,111435,111680,123961,2
173,12327,265,265844,265844,266109,253517,253782,266109,2
174,12404,233,12437,12437,12670,33,266,12670,2
175,12505,258,224089,224089,224347,211584,211842,224347,2
176,12571,259,231318,231318,231577,218747,219006,231577,2
177,12641,240,18844,18844,19141,6203,6500,19141,2
178,12696,295,312632,312632,312927,299936,300231,312927,2
179,12762,73,12762,12762,12835,0,73,12835,2
180,12829,220,12981,12981,13201,152,372,13201,2
181,12896,244,117370,117370,117614,104474,104718,117614,2
182,12966,243,43146,43146,43389,30180,30423,43389,2
183,13007,248,145124,145124,145372,132117,132365,145372,2
184,13075,248,145372,145372,145620,132297,132545,145620,2
185,13139,229,13238,13238,13467,99,328,13467,2
186,13191,37,13201,13201,13238,10,47,13238,2
187,13273,238,16908,16908,17146,3635,3873,17146,2
188,13391,234,13467,13467,13701,76,310,13701,2
189,13466,236,13701,13701,13999,235,533,13999,2
190,13521,238,17367,17367,17719,3846,4198,17719,2
191,13610,257,216634,216634,216891,203024,203281,216891,2
192,13675,258,224347,224347,224605,210672,210930,224605,2
193,13774,62,13774,13774,13836,0,62,13836,2
194,13833,258,224605,224605,224863,210772,211030,224863,2
195,13959,224,13999,13999,14223,40,264,14223,2
196,14032,269,282632,282632,282901,268600,268869,282901,2
197,14111,233,14223,14223,14456,112,345,14456,2
198,14211,234,14688,14688,14922,477,711,14922,2
199,14279,249,154301,154301,154550,140022,140271,154550,2
200,14340,249,154550,154550,154799,140210,140459,154799,2
201,14414,232,14456,14456,14688,42,274,14688,2
202,14474,249,154799,154799,155048,140325,140574,155048,2
203,14509,242,23390,23390,23680,8881,9171,23680,2
204,14585,246,131314,131314,131560,116729,116975,131560,2
205,14665,270,286399,286399,286669,271734,272004,286669,2
206,14738,287,310604,310604,310891,295866,296153,310891,2
207,14797,246,131560,131560,131806,116763,117009,131806,2
208,14898,234,14922,14922,15156,24,258,15156,2
209,14961,227,15371,15371,15598,410,637,15598,2
210,15015,263,254509,254509,254772,239494,239757,254772,2
211,15072,215,15156,15156,15371,84,299,15371,2
212,15167,242,23680,23680,23922,8513,8755,23922,2
213,15246,248,145620,145620,145868,130374,130622,145868,2
214,15302,229,15870,15870,16099,568,797,16099,2
215,15392,262,249527,249527,249789,234135,234397,249789,2
216,15446,256,209978,209978,210234,194532,194788,210234,2
217,15493,225,15598,15598,15870,105,377,15870,2
218,15538,256,210234,210234,210490,194696,194952,210490,2
219,15599,266,270350,270350,270616,254751,255017,270616,2
220,15651,47,15651,15651,15698,0,47,15698,2
221,15720,241,19607,19607,19848,3887,4128,19848,2
222,15817,233,16385,16385,16618,568,801,16618,2
223,15871,247,138701,138701,138948,122830,123077,138948,2
224,15947,231,16099,16099,16385,152,438,16385,2
225,16015,234,16618,16618,16852,603,837,16852,2
226,16081,260,237797,237797,238057,221716,221976,238057,2
227,16176,55,16176,16176,16231,0,55,16231,2
228,16262,248,145868,145868,146116,129606,129854,146116,2
229,16343,254,199533,199533,199787,183190,183444,199787,2
230,16420,276,300559,300559,300835,284139,284415,300835,2
231,16501,281,307501,307501,307782,291000,291281,307782,2
232,16591,250,162520,162520,162770,145929,146179,162770,2
233,16682,240,19141,19141,19607,2459,2925,19607,2
234,16800,56,16852,16852,16908,52,108,16908,2
235,16853,271,288829,288829,289100,271976,272247,289100,2
236,16918,274,296443,296443,296717,279525,279799,296717,2
237,16983,255,204109,204109,204364,187126,187381,204364,2
238,17046,221,17146,17146,17367,100,321,17367,2
239,17135,256,210490,210490,210746,193355,193611,210746,2
240,17193,249,155048,155048,155297,137855,138104,155297,2
241,17276,238,17763,17763,18044,487,768,18044,2
242,17377,51,17377,17377,17428,0,51,17428,2
243,17479,63,17479,17479,17542,0,63,17542,2
244,17595,257,216891,216891,217148,199296,199553,217148,2
245,17684,44,17719,17719,17763,35,79,17763,2
246,17759,269,282901,282901,283170,265142,265411,283170,2
247,17822,43,17822,17822,17865,0,43,17865,2
248,17918,234,18044,18044,18278,126,360,18278,2
249,17974,258,224863,224863,225121,206889,207147,225121,2
250,18037,256,210746,210746,211002,192709,192965,211002,2
251,18140,273,294258,294258,294531,276118,276391,294531,2
252,18214,266,270616,270616,270882,252402,252668,270882,2
253,18315,46,18315,18315,18361,0,46,18361,2
254,18400,273,294531,294531,294804,276131,276404,294804,2
255,18458,245,123961,123961,124206,105503,105748,124206,2
256,18509,249,155297,155297,155546,136788,137037,155546,2
257,18563,42,18563,18563,18605,0,42,18605,2
258,18647,259,231577,231577,231836,212930,213189,231836,2
259,18724,248,146116,146116,146364,127392,127640,146364,2
260,18814,266,270882,270882,271148,252068,252334,271148,2
261,18864,57,18864,18864,18921,0,57,18921,2
262,18947,248,146364,146364,146612,127417,127665,146612,2
263,19006,253,189153,189153,189406,170147,170400,189406,2
264,19071,246,131806,131806,132052,112735,112981,132052,2
265,19145,226,19145,19145,19371,0,226,19371,2
266,19225,277,302492,302492,302769,283267,283544,302769,2
267,19317,253,189406,189406,189659,170089,170342,189659,2
268,19423,242,24752,24752,24994,5329,5571,24994,2
269,19478,258,225121,225121,225379,205643,205901,225379,2
270,19533,273,294804,294804,295077,275271,275544,295077,2
271,19599,246,132052,132052,132298,112453,112699,132298,2
272,19637,259,231836,231836,232095,212199,212458,232095,2
273,19716,256,211002,211002,211258,191286,191542,211258,2
274,19728,279,305544,305544,305823,285816,286095,305823,2
275,19792,256,211258,211258,211514,191466,191722,211514,2
276,19858,246,132298,132298,132544,112440,112686,132544,2
277,19916,241,20685,20685,20976,769,1060,20976,2
278,20004,228,20090,20090,20367,86,363,20367,2
279,20040,252,178816,178816,179068,158776,159028,179068,2
280,20118,260,238057,238057,238317,217939,218199,238317,2
281,20174,49,20174,20174,20223,0,49,20223,2
282,20257,215,20367,20367,20685,110,428,20685,2
283,20349,242,25385,25385,25627,5036,5278,25627,2
284,20445,36,20445,20445,20481,0,36,20481,2
285,20495,67,20495,20495,20562,0,67,20562,2
286,20557,245,124206,124206,124451,103649,103894,124451,2
287,20655,247,138948,138948,139195,118293,118540,139195,2
288,20732,233,21024,21024,21306,292,574,21306,2
289,20831,240,21771,21771,22011,940,1180,22011,2
290,20867,50,20867,20867,20917,0,50,20917,2
291,20976,48,20976,20976,21024,0,48,21024,2
292,21050,49,21050,21050,21099,0,49,21099,2
293,21105,240,22011,22011,22300,906,1195,22300,2
294,21227,232,21306,21306,21538,79,311,21538,2
295,21318,253,189659,189659,189912,168341,168594,189912,2
296,21374,254,199787,199787,200041,178413,178667,200041,2
297,21473,233,21538,21538,21771,65,298,21771,2
298,21576,254,200041,200041,200295,178465,178719,200295,2
299,21646,250,162770,162770,163020,141124,141374,163020,2
300,21729,278,304154,304154,304432,282425,282703,304432,2
301,21777,251,171029,171029,171280,149252,149503,171280,2
302,21840,242,25627,25627,25962,3787,4122,25962,2
303,21945,241,23149,23149,23390,1204,1445,23390,2
304,21988,246,132544,132544,132790,110556,110802,132790,2
305,22078,225,22300,22300,22525,222,447,22525,2
306,22150,49,22150,22150,22199,0,49,22199,2
307,22286,230,22525,22525,22855,239,569,22855,2
308,22344,271,289100,289100,289371,266756,267027,289371,2
309,22416,240,22909,22909,23149,493,733,23149,2
310,22478,252,179068,179068,179320,156590,156842,179320,2
311,22541,253,189912,189912,190165,167371,167624,190165,2
312,22613,53,22613,22613,22666,0,53,22666,2
313,22689,47,22689,22689,22736,0,47,22736,2
314,22739,244,117614,117614,117858,94875,95119,117858,2
315,22812,54,22855,22855,22909,43,97,22909,2
316,22884,249,155546,155546,155795,132662,132911,155795,2
317,22961,254,200295,200295,200549,177334,177588,200549,2
318,23009,272,292082,292082,292354,269073,269345,292354,2
319,23088,253,190165,190165,190418,167077,167330,190418,2
320,23157,258,225379,225379,225637,202222,202480,225637,2
321,23266,261,242477,242477,242738,219211,219472,242738,2
322,23352,266,271148,271148,271414,247796,248062,271414,2
323,23404,265,266109,266109,266374,242705,242970,266374,2
324,23470,48,23470,23470,23518,0,48,23518,2
325,23588,249,155795,155795,156044,132207,132456,156044,2
326,23651,247,139195,139195,139442,115544,115791,139442,2
327,23729,0,23729,23729,23729,0,0,23729,2
328,23795,223,23969,23969,24192,174,397,24192,2
329,23861,267,274607,274607,274874,250746,251013,274874,2
330,23920,47,23922,23922,23969,2,49,23969,2
331,23977,246,132790,132790,133036,108813,109059,133036,2
332,24045,221,24192,24192,24460,147,415,24460,2
333,24127,266,271414,271414,271680,247287,247553,271680,2
334,24185,259,232095,232095,232354,207910,208169,232354,2
335,24284,251,171280,171280,171531,146996,147247,171531,2
336,24344,47,24344,24344,24391,0,47,24391,2
337,24445,240,24460,24460,24752,15,307,24752,2
338,24515,245,124451,124451,124696,99936,100181,124696,2
339,24613,52,24613,24613,24665,0,52,24665,2
340,24699,242,31279,31279,31521,6580,6822,31521,2
341,24795,238,25044,25044,25385,249,590,25385,2
342,24874,245,124696,124696,124941,99822,100067,124941,2
343,24937,244,117858,117858,118102,92921,93165,118102,2
344,24991,50,24994,24994,25044,3,53,25044,2
345,25086,25,25086,25086,25111,0,25,25111,2
346,25155,258,225637,225637,225895,200482,200740,225895,2
347,25248,46,25248,25248,25294,0,46,25294,2
348,25315,32,25315,25315,25347,0,32,25347,2
349,25373,270,286669,286669,286939,261296,261566,286939,2
350,25465,243,43660,43660,43903,18195,18438,43903,2
351,25542,244,118102,118102,118346,92560,92804,118346,2
352,25633,256,211514,211514,211770,185881,186137,211770,2
353,25711,50,25711,25711,25761,0,50,25761,2
354,25768,43,25768,25768,25811,0,43,25811,2
355,25833,241,29219,29219,29460,3386,3627,29460,2
356,25912,240,25962,25962,26297,50,385,26297,2
357,25947,251,171531,171531,171782,145584,145835,171782,2
358,25984,54,25984,25984,26038,0,54,26038,2
359,26061,250,163020,163020,163270,136959,137209,163270,2
360,26087,250,163270,163270,163520,137183,137433,163520,2
361,26161,41,26161,26161,26202,0,41,26202,2
362,26204,257,217148,217148,217405,190944,191201,217405,2
363,26293,238,26297,26297,26535,4,242,26535,2
364,26375,227,26535,26535,26762,160,387,26762,2
365,26440,240,26762,26762,27002,322,562,27002,2
366,26504,244,118346,118346,118590,91842,92086,118590,2
367,26589,241,29460,29460,29810,2871,3221,29810,2
368,26671,248,146612,146612,146860,119941,120189,146860,2
369,26746,253,190418,190418,190671,163672,163925,190671,2
370,26830,239,28529,28529,28823,1699,1993,28823,2
371,26934,224,27002,27002,27226,68,292,27226,2
372,27023,221,27226,27226,27447,203,424,27447,2
373,27133,277,302769,302769,303046,275636,275913,303046,2
374,27240,241,30993,30993,31279,3753,4039,31279,2
375,27331,264,261352,261352,261616,234021,234285,261616,2
376,27419,232,27447,27447,27679,28,260,27679,2
377,27475,228,27679,27679,27907,204,432,27907,2
378,27576,252,179320,179320,179572,151744,151996,179572,2
379,27659,240,28823,28823,29219,1164,1560,29219,2
380,27753,243,44807,44807,45083,17054,17330,45083,2
381,27846,63,27907,27907,27970,61,124,27970,2
382,27919,229,27970,27970,28199,51,280,28199,2
383,27986,262,249789,249789,250051,221803,222065,250051,2
384,28078,236,28199,28199,28481,121,403,28481,2
385,28095,249,156044,156044,156293,127949,128198,156293,2
386,28168,255,204364,204364,204619,176196,176451,204619,2
387,28271,46,28271,28271,28317,0,46,28317,2
388,28343,242,31521,31521,31763,3178,3420,31763,2
389,28424,247,139442,139442,139689,111018,111265,139689,2
390,28444,48,28481,28481,28529,37,85,28529,2
391,28523,251,171782,171782,172033,143259,143510,172033,2
392,28620,261,242738,242738,242999,214118,214379,242999,2
393,28669,55,28669,28669,28724,0,55,28724,2
394,28719,248,146860,146860,147108,118141,118389,147108,2
395,28821,259,232354,232354,232613,203533,203792,232613,2
396,28910,44,28910,28910,28954,0,44,28954,2
397,28975,55,28975,28975,29030,0,55,29030,2
398,29071,57,29071,29071,29128,0,57,29128,2
399,29177,275,299184,299184,299459,270007,270282,299459,2
400,29242,259,232613,232613,232872,203371,203630,232872,2
401,29332,247,139689,139689,139936,110357,110604,139936,2
402,29383,243,46413,46413,46759,17030,17376,46759,2
403,29483,47,29483,29483,29530,0,47,29530,2
404,29532,62,29532,29532,29594,0,62,29594,2
405,29592,250,163520,163520,163770,133928,134178,163770,2
406,29659,223,29810,29810,30033,151,374,30033,2
407,29728,264,261616,261616,261880,231888,232152,261880,2
408,29804,223,30033,30033,30256,229,452,30256,2
409,29884,251,172033,172033,172284,142149,142400,172284,2
410,29974,247,139936,139936,140183,109962,110209,140183,2
411,30050,268,279682,279682,279950,249632,249900,279950,2
412,30143,231,30256,30256,30518,113,375,30518,2
413,30227,248,147108,147108,147356,116881,117129,147356,2
414,30315,259,232872,232872,233131,202557,202816,233131,2
415,30381,31,30381,30381,30412,0,31,30412,2
416,30452,239,30518,30518,30757,66,305,30757,2
417,30496,254,200549,200549,200803,170053,170307,200803,2
418,30595,243,46759,46759,47002,16164,16407,47002,2
419,30665,267,274874,274874,275141,244209,244476,275141,2
420,30740,236,30757,30757,30993,17,253,30993,2
421,30812,245,124941,124941,125186,94129,94374,125186,2
422,30885,245,125186,125186,125431,94301,94546,125431,2
423,30984,261,242999,242999,243260,212015,212276,243260,2
424,31043,45,31043,31043,31088,0,45,31088,2
425,31114,265,266374,266374,266639,235260,235525,266639,2
426,31189,251,172284,172284,172535,141095,141346,172535,2
427,31255,259,233131,233131,233390,201876,202135,233390,2
428,31326,242,33961,33961,34203,2635,2877,34203,2
429,31400,0,31400,31400,31400,0,0,31400,2
430,31484,253,190671,190671,190924,159187,159440,190924,2
431,31539,255,204619,204619,204874,173080,173335,204874,2
432,31665,240,31763,31763,32003,98,338,32003,2
433,31739,260,238317,238317,238577,206578,206838,238577,2
434,31828,276,300835,300835,301111,269007,269283,301111,2
435,31900,238,32003,32003,32295,103,395,32295,2
436,31975,246,133036,133036,133282,101061,101307,133282,2
437,32018,0,32018,32018,32018,0,0,32018,2
438,32047,54,32047,32047,32101,0,54,32101,2
439,32111,217,32295,32295,32512,184,401,32512,2
440,32182,266,271680,271680,271946,239498,239764,271946,2
441,32267,281,307782,307782,308063,275515,275796,308063,2
442,32331,227,32512,32512,32779,181,448,32779,2
443,32407,254,200803,200803,201057,168396,168650,201057,2
444,32499,263,254772,254772,255035,222273,222536,255035,2
445,32549,40,32549,32549,32589,0,40,32589,2
446,32574,247,140183,140183,140430,107609,107856,140430,2
447,32652,241,32779,32779,33067,127,415,33067,2
448,32715,264,261880,261880,262144,229165,229429,262144,2
449,32798,253,190924,190924,191177,158126,158379,191177,2
450,32890,260,238577,238577,238837,205687,205947,238837,2
451,32965,47,32965,32965,33012,0,47,33012,2
452,33044,41,33067,33067,33108,23,64,33108,2
453,33101,230,33108,33108,33338,7,237,33338,2
454,33167,269,283170,283170,283439,250003,250272,283439,2
455,33251,259,233390,233390,233649,200139,200398,233649,2
456,33284,248,147356,147356,147604,114072,114320,147604,2
457,33335,232,33338,33338,33570,3,235,33570,2
458,33378,235,33570,33570,33961,192,583,33961,2
459,33439,243,47816,47816,48167,14377,14728,48167,2
460,33539,275,299459,299459,299734,265920,266195,299734,2
461,33620,60,33620,33620,33680,0,60,33680,2
462,33706,47,33706,33706,33753,0,47,33753,2
463,33777,49,33777,33777,33826,0,49,33826,2
464,33847,242,42661,42661,42903,8814,9056,42903,2
465,33935,261,243260,243260,243521,209325,209586,243521,2
466,34001,250,163770,163770,164020,129769,130019,164020,2
467,34040,227,34866,34866,35093,826,1053,35093,2
468,34102,217,34203,34203,34420,101,318,34420,2
469,34170,220,34420,34420,34640,250,470,34640,2
470,34263,235,35554,35554,35789,1291,1526,35789,2
471,34291,226,34640,34640,34866,349,575,34866,2
472,34357,281,308063,308063,308344,273706,273987,308344,2
473,34414,245,125431,125431,125676,91017,91262,125676,2
474,34475,253,191177,191177,191430,156702,156955,191430,2
475,34561,232,35322,35322,35554,761,993,35554,2
476,34620,229,35093,35093,35322,473,702,35322,2
477,34738,0,34738,34738,34738,0,0,34738,2
478,34837,235,35789,35789,36074,952,1237,36074,2
479,34921,237,36340,36340,36577,1419,1656,36577,2
480,35017,262,250051,250051,250313,215034,215296,250313,2
481,35082,263,255035,255035,255298,219953,220216,255298,2
482,35148,264,262144,262144,262408,226996,227260,262408,2
483,35222,237,36837,36837,37074,1615,1852,37074,2
484,35299,267,275141,275141,275408,239842,240109,275408,2
485,35366,272,292354,292354,292626,256988,257260,292626,2
486,35424,253,191430,191430,191683,156006,156259,191683,2
487,35552,235,36074,36074,36340,522,788,36340,2
488,35640,271,289371,289371,289642,253731,254002,289642,2
489,35705,267,275408,275408,275675,239703,239970,275675,2
490,35797,252,179572,179572,179824,143775,144027,179824,2
491,35864,50,35864,35864,35914,0,50,35914,2
492,35960,254,201057,201057,201311,165097,165351,201311,2
493,36015,257,217405,217405,217662,181390,181647,217662,2
494,36078,253,191683,191683,191936,155605,155858,191936,2
495,36170,248,147604,147604,147852,111434,111682,147852,2
496,36220,31,36220,36220,36251,0,31,36251,2
497,36285,256,211770,211770,212026,175485,175741,212026,2
498,36379,261,243521,243521,243782,207142,207403,243782,2
499,36403,207,36577,36577,36837,174,434,36837,2
500,36459,261,243782,243782,244043,207323,207584,244043,2
501,36543,294,312338,312338,312632,275795,276089,312632,2
502,36602,275,299734,299734,300009,263132,263407,300009,2
503,36681,53,36681,36681,36734,0,53,36734,2
504,36762,245,125676,125676,125921,88914,89159,125921,2
505,36849,236,37117,37117,37353,268,504,37353,2
506,36942,244,118590,118590,118834,81648,81892,118834,2
507,37036,43,37074,37074,37117,38,81,37117,2
508,37061,261,244043,244043,244304,206982,207243,244304,2
509,37155,267,275675,275675,275942,238520,238787,275942,2
510,37260,234,37353,37353,37587,93,327,37587,2
511,37375,269,283439,283439,283708,246064,246333,283708,2
512,37444,237,37587,37587,37824,143,380,37824,2
513,37522,257,217662,217662,217919,180140,180397,217919,2
514,37614,269,283708,283708,283977,246094,246363,283977,2
515,37680,240,37824,37824,38192,144,512,38192,2
516,37736,269,283977,283977,284246,246241,246510,284246,2
517,37790,248,147852,147852,148100,110062,110310,148100,2
518,37890,61,37890,37890,37951,0,61,37951,2
519,37993,67,37993,37993,38060,0,67,38060,2
520,38068,262,250313,250313,250575,212245,212507,250575,2
521,38125,220,38192,38192,38454,67,329,38454,2
522,38189,229,38454,38454,38683,265,494,38683,2
523,38245,42,38245,38245,38287,0,42,38287,2
524,38316,246,133282,133282,133528,94966,95212,133528,2
525,38367,238,38731,38731,38969,364,602,38969,2
526,38417,263,255298,255298,255561,216881,217144,255561,2
527,38485,259,233649,233649,233908,195164,195423,233908,2
528,38575,252,179824,179824,180076,141249,141501,180076,2
529,38666,48,38683,38683,38731,17,65,38731,2
530,38760,228,38969,38969,39223,209,463,39223,2
531,38823,264,262408,262408,262672,223585,223849,262672,2
532,38903,231,39501,39501,39771,598,868,39771,2
533,38989,258,225895,225895,226153,186906,187164,226153,2
534,39051,26,39051,39051,39077,0,26,39077,2
535,39135,227,39223,39223,39501,88,366,39501,2
536,39205,266,271946,271946,272212,232741,233007,272212,2
537,39319,51,39319,39319,39370,0,51,39370,2
538,39375,257,217919,217919,218176,178544,178801,218176,2
539,39425,262,250575,250575,250837,211150,211412,250837,2
540,39477,253,191936,191936,192189,152459,152712,192189,2
541,39537,253,192189,192189,192442,152652,152905,192442,2
542,39626,39,39626,39626,39665,0,39,39665,2
543,39678,241,39771,39771,40012,93,334,40012,2
544,39730,248,148100,148100,148348,108370,108618,148348,2
545,39844,228,40058,40058,40286,214,442,40286,2
546,39984,46,40012,40012,40058,28,74,40058,2
547,40063,243,48216,48216,48495,8153,8432,48495,2
548,40141,240,40568,40568,40808,427,667,40808,2
549,40238,52,40286,40286,40338,48,100,40338,2
550,40328,230,40338,40338,40568,10,240,40568,2
551,40408,256,212026,212026,212282,171618,171874,212282,2
552,40481,251,172535,172535,172786,132054,132305,172786,2
553,40551,274,296717,296717,296991,256166,256440,296991,2
554,40611,223,40808,40808,41031,197,420,41031,2
555,40646,258,226153,226153,226411,185507,185765,226411,2
556,40727,225,41031,41031,41314,304,587,41314,2
557,40800,256,212282,212282,212538,171482,171738,212538,2
558,40863,243,49679,49679,49922,8816,9059,49922,2
559,40932,267,275942,275942,276209,235010,235277,276209,2
560,40962,241,41874,41874,42115,912,1153,42115,2
561,41046,58,41046,41046,41104,0,58,41104,2
562,41138,252,180076,180076,180328,138938,139190,180328,2
563,41201,222,41314,41314,41536,113,335,41536,2
564,41258,243,52082,52082,52374,10824,11116,52374,2
565,41346,226,41536,41536,41874,190,528,41874,2
566,41401,246,133528,133528,133774,92127,92373,133774,2
567,41477,275,300009,300009,300284,258532,258807,300284,2
568,41566,62,41566,41566,41628,0,62,41628,2
569,41653,50,41653,41653,41703,0,50,41703,2
570,41740,241,42368,42368,42661,628,921,42661,2
571,41794,254,201311,201311,201565,159517,159771,201565,2
572,41922,218,42115,42115,42368,193,446,42368,2
573,41960,262,250837,250837,251099,208877,209139,251099,2
574,42072,260,238837,238837,239097,196765,197025,239097,2
575,42165,35,42165,42165,42200,0,35,42200,2
576,42236,259,233908,233908,234167,191672,191931,234167,2
577,42332,259,234167,234167,234426,191835,192094,234426,2
578,42439,52,42439,42439,42491,0,52,42491,2
579,42521,265,266639,266639,266904,224118,224383,266904,2
580,42623,274,296991,296991,297265,254368,254642,297265,2
581,42697,253,192442,192442,192695,149745,149998,192695,2
582,42767,250,164020,164020,164270,121253,121503,164270,2
583,42835,259,234426,234426,234685,191591,191850,234685,2
584,42927,245,125921,125921,126166,82994,83239,126166,2
585,43048,262,251099,251099,251361,208051,208313,251361,2
586,43076,265,266904,266904,267169,223828,224093,267169,2
587,43164,245,126166,126166,126411,83002,83247,126411,2
588,43253,230,43389,43389,43660,136,407,43660,2
589,43312,260,239097,239097,239357,195785,196045,239357,2
590,43390,41,43390,43390,43431,0,41,43431,2
591,43445,249,156293,156293,156542,112848,113097,156542,2
592,43524,266,272212,272212,272478,228688,228954,272478,2
593,43634,250,164270,164270,164520,120636,120886,164520,2
594,43680,240,43903,43903,44179,223,499,44179,2
595,43756,246,133774,133774,134020,90018,90264,134020,2
596,43860,243,53483,53483,54015,9623,10155,54015,2
597,43951,240,44179,44179,44521,228,570,44521,2
598,44048,36,44048,44048,44084,0,36,44084,2
599,44105,244,118834,118834,119078,74729,74973,119078,2
600,44181,49,44181,44181,44230,0,49,44230,2
601,44260,53,44260,44260,44313,0,53,44313,2
602,44336,276,301111,301111,301387,256775,257051,301387,2
603,44409,233,44574,44574,44807,165,398,44807,2
604,44497,53,44521,44521,44574,24,77,44574,2
605,44569,257,218176,218176,218433,173607,173864,218433,2
606,44673,247,140430,140430,140677,95757,96004,140677,2
607,44749,279,305823,305823,306102,261074,261353,306102,2
608,44827,247,140677,140677,140924,95850,96097,140924,2
609,44939,33,44939,44939,44972,0,33,44972,2
610,45012,238,45117,45117,45355,105,343,45355,2
611,45078,34,45083,45083,45117,5,39,45117,2
612,45185,237,45355,45355,45592,170,407,45592,2
613,45264,252,180328,180328,180580,135064,135316,180580,2
614,45329,248,148348,148348,148596,103019,103267,148596,2
615,45391,274,297265,297265,297539,251874,252148,297539,2
616,45447,260,239357,239357,239617,193910,194170,239617,2
617,45480,252,180580,180580,180832,135100,135352,180832,2
618,45565,217,45592,45592,45809,27,244,45809,2
619,45687,236,45809,45809,46073,122,386,46073,2
620,45763,249,156542,156542,156791,110779,111028,156791,2
621,45837,247,140924,140924,141171,95087,95334,141171,2
622,45915,223,46073,46073,46342,158,427,46342,2
623,45981,28,45981,45981,46009,0,28,46009,2
624,46045,258,226411,226411,226669,180366,180624,226669,2
625,46124,252,180832,180832,181084,134708,134960,181084,2
626,46192,247,141171,141171,141418,94979,95226,141418,2
627,46236,46,46236,46236,46282,0,46,46282,2
628,46328,71,46342,46342,46413,14,85,46413,2
629,46368,253,192695,192695,192948,146327,146580,192948,2
630,46445,38,46445,46445,46483,0,38,46483,2
631,46565,65,46565,46565,46630,0,65,46630,2
632,46663,249,156791,156791,157040,110128,110377,157040,2
633,46750,248,148596,148596,148844,101846,102094,148844,2
634,46872,242,47574,47574,47816,702,944,47816,2
635,46945,238,47002,47002,47240,57,295,47240,2
636,47007,239,47240,47240,47574,233,567,47574,2
637,47073,247,141418,141418,141665,94345,94592,141665,2
638,47142,253,192948,192948,193201,145806,146059,193201,2
639,47233,255,204874,204874,205129,157641,157896,205129,2
640,47313,31,47313,47313,47344,0,31,47344,2
641,47377,64,47377,47377,47441,0,64,47441,2
642,47451,247,141665,141665,141912,94214,94461,141912,2
643,47530,253,193201,193201,193454,145671,145924,193454,2
644,47635,260,239617,239617,239877,191982,192242,239877,2
645,47739,255,205129,205129,205384,157390,157645,205384,2
646,47812,269,284246,284246,284515,236434,236703,284515,2
647,47861,251,172786,172786,173037,124925,125176,173037,2
648,47909,53,47909,47909,47962,0,53,47962,2
649,48015,55,48015,48015,48070,0,55,48070,2
650,48041,269,284515,284515,284784,236474,236743,284784,2
651,48163,49,48167,48167,48216,4,53,48216,2
652,48229,258,226669,226669,226927,178440,178698,226927,2
653,48288,230,48495,48495,48725,207,437,48725,2
654,48387,36,48387,48387,48423,0,36,48423,2
655,48446,252,181084,181084,181336,132638,132890,181336,2
656,48531,238,49152,49152,49390,621,859,49390,2
657,48622,200,48725,48725,48925,103,303,48925,2
658,48676,242,49390,49390,49679,714,1003,49679,2
659,48745,260,239877,239877,240137,191132,191392,240137,2
660,48832,261,244304,244304,244565,195472,195733,244565,2
661,48912,227,48925,48925,49152,13,240,49152,2
662,49005,250,164520,164520,164770,115515,115765,164770,2
663,49059,249,157040,157040,157289,107981,108230,157289,2
664,49110,266,272478,272478,272744,223368,223634,272744,2
665,49136,252,181336,181336,181588,132200,132452,181588,2
666,49231,245,126411,126411,126656,77180,77425,126656,2
667,49294,246,134020,134020,134266,84726,84972,134266,2
668,49385,258,226927,226927,227185,177542,177800,227185,2
669,49471,268,279950,279950,280218,230479,230747,280218,2
670,49578,47,49578,49578,49625,0,47,49625,2
671,49650,267,276209,276209,276476,226559,226826,276476,2
672,49704,253,193454,193454,193707,143750,144003,193707,2
673,49759,256,212538,212538,212794,162779,163035,212794,2
674,49874,235,49922,49922,50157,48,283,50157,2
675,49932,237,51311,51311,51548,1379,1616,51548,2
676,49989,235,50384,50384,50619,395,630,50619,2
677,50049,227,50157,50157,50384,108,335,50384,2
678,50173,252,181588,181588,181840,131415,131667,181840,2
679,50252,251,173037,173037,173288,122785,123036,173288,2
680,50321,267,276476,276476,276743,226155,226422,276743,2
681,50388,245,126656,126656,126901,76268,76513,126901,2
682,50474,232,50619,50619,50851,145,377,50851,2
683,50513,252,181840,181840,182092,131327,131579,182092,2
684,50585,236,51075,51075,51311,490,726,51311,2
685,50647,224,50851,50851,51075,204,428,51075,2
686,50700,249,157289,157289,157538,106589,106838,157538,2
687,50764,244,119078,119078,119322,68314,68558,119322,2
688,50782,263,255561,255561,255824,204779,205042,255824,2
689,50871,256,212794,212794,213050,161923,162179,213050,2
690,50954,241,51548,51548,51840,594,886,51840,2
691,51046,252,182092,182092,182344,131046,131298,182344,2
692,51136,245,126901,126901,127146,75765,76010,127146,2
693,51247,247,141912,141912,142159,90665,90912,142159,2
694,51301,246,134266,134266,134512,82965,83211,134512,2
695,51360,279,306102,306102,306381,254742,255021,306381,2
696,51442,265,267169,267169,267434,215727,215992,267434,2
697,51536,281,308344,308344,308625,256808,257089,308625,2
698,51617,242,51840,51840,52082,223,465,52082,2
699,51650,258,227185,227185,227443,175535,175793,227443,2
700,51724,51,51724,51724,51775,0,51,51775,2
701,51848,244,119322,119322,119566,67474,67718,119566,2
702,51925,253,193707,193707,193960,141782,142035,193960,2
703,52011,243,64863,64863,65106,12852,13095,65106,2
704,52108,49,52108,52108,52157,0,49,52157,2
705,52230,213,52374,52374,52587,144,357,52587,2
706,52278,244,119566,119566,119810,67288,67532,119810,2
707,52323,241,53242,53242,53483,919,1160,53483,2
708,52390,251,173288,173288,173539,120898,121149,173539,2
709,52459,238,52587,52587,52981,128,522,52981,2
710,52527,262,251361,251361,251623,198834,199096,251623,2
711,52611,57,52611,52611,52668,0,57,52668,2
712,52687,268,280218,280218,280486,227531,227799,280486,2
713,52748,42,52748,52748,52790,0,42,52790,2
714,52844,57,52844,52844,52901,0,57,52901,2
715,52924,234,52981,52981,53215,57,291,53215,2
716,53031,256,213050,213050,213306,160019,160275,213306,2
717,53126,256,213306,213306,213562,160180,160436,213562,2
718,53208,27,53215,53215,53242,7,34,53242,2
719,53285,257,218433,218433,218690,165148,165405,218690,2
720,53346,255,205384,205384,205639,152038,152293,205639,2
721,53404,266,272744,272744,273010,219340,219606,273010,2
722,53485,230,53485,53485,53774,0,289,53774,2
723,53544,59,53544,53544,53603,0,59,53603,2
724,53622,243,65962,65962,66300,12340,12678,66300,2
725,53666,250,164770,164770,165020,111104,111354,165020,2
726,53748,242,62156,62156,62509,8408,8761,62509,2
727,53821,240,54015,54015,54255,194,434,54255,2
728,53909,257,218690,218690,218947,164781,165038,218947,2
729,53965,257,218947,218947,219204,164982,165239,219204,2
730,54033,261,244565,244565,244826,190532,190793,244826,2
731,54087,227,54255,54255,54576,168,489,54576,2
732,54154,235,55279,55279,55514,1125,1360,55514,2
733,54294,239,58488,58488,58806,4194,4512,58806,2
734,54372,54,54372,54372,54426,0,54,54426,2
735,54462,40,54462,54462,54502,0,40,54502,2
736,54520,61,54576,54576,54637,56,117,54637,2
737,54611,205,54637,54637,54842,26,231,54842,2
738,54659,232,54842,54842,55213,183,554,55213,2
739,54739,246,134512,134512,134758,79773,80019,134758,2
740,54828,241,59557,59557,59835,4729,5007,59835,2
741,54931,57,54931,54931,54988,0,57,54988,2
742,55009,37,55009,55009,55046,0,37,55046,2
743,55098,45,55098,55098,55143,0,45,55143,2
744,55189,66,55213,55213,55279,24,90,55279,2
745,55277,243,66300,66300,66543,11023,11266,66543,2
746,55354,261,244826,244826,245087,189472,189733,245087,2
747,55453,238,55514,55514,55811,61,358,55811,2
748,55526,243,67071,67071,67314,11545,11788,67314,2
749,55583,285,310319,310319,310604,254736,255021,310604,2
750,55635,59,55635,55635,55694,0,59,55694,2
751,55696,265,267434,267434,267699,211738,212003,267699,2
752,55752,238,55811,55811,56049,59,297,56049,2
753,55834,263,255824,255824,256087,199990,200253,256087,2
754,55907,228,56049,56049,56277,142,370,56277,2
755,55968,260,240137,240137,240397,184169,184429,240397,2
756,55996,233,56509,56509,56742,513,746,56742,2
757,56099,232,56277,56277,56509,178,410,56509,2
758,56147,233,57060,57060,57336,913,1189,57336,2
759,56219,256,213562,213562,213818,157343,157599,213818,2
760,56299,239,59318,59318,59557,3019,3258,59557,2
761,56366,237,58130,58130,58488,1764,2122,58488,2
762,56465,263,256087,256087,256350,199622,199885,256350,2
763,56556,266,273010,273010,273276,216454,216720,273276,2
764,56642,223,56742,56742,57060,100,418,57060,2
765,56681,248,148844,148844,149092,92163,92411,149092,2
766,56749,54,56749,56749,56803,0,54,56803,2
767,56811,260,240397,240397,240657,183586,183846,240657,2
768,56924,41,56924,56924,56965,0,41,56965,2
769,57017,249,157538,157538,157787,100521,100770,157787,2
770,57094,43,57094,57094,57137,0,43,57137,2
771,57170,236,57605,57605,57841,435,671,57841,2
772,57238,227,57336,57336,57605,98,367,57605,2
773,57345,253,193960,193960,194213,136615,136868,194213,2
774,57429,272,292626,292626,292898,235197,235469,292898,2
775,57501,42,57501,57501,57543,0,42,57543,2
776,57583,267,276743,276743,277010,219160,219427,277010,2
777,57656,250,165020,165020,165270,107364,107614,165270,2
778,57738,234,57841,57841,58075,103,337,58075,2
779,57788,245,127146,127146,127391,69358,69603,127391,2
780,57851,257,219204,219204,219461,161353,161610,219461,2
781,57939,253,194213,194213,194466,136274,136527,194466,2
782,58031,55,58075,58075,58130,44,99,58130,2
783,58142,75,58142,58142,58217,0,75,58217,2
784,58196,46,58217,58217,58263,21,67,58263,2
785,58269,248,149092,149092,149340,90823,91071,149340,2
786,58348,255,205639,205639,205894,147291,147546,205894,2
787,58429,258,227443,227443,227701,169014,169272,227701,2
788,58489,51,58489,58489,58540,0,51,58540,2
789,58572,259,234685,234685,234944,176113,176372,234944,2
790,58663,28,58663,58663,58691,0,28,58691,2
791,58757,205,58806,58806,59069,49,312,59069,2
792,58806,218,59069,59069,59318,263,512,59318,2
793,58847,243,67314,67314,67849,8467,9002,67849,2
794,58908,58,58908,58908,58966,0,58,58966,2
795,58979,263,256350,256350,256613,197371,197634,256613,2
796,59071,31,59071,59071,59102,0,31,59102,2
797,59147,271,289642,289642,289913,230495,230766,289913,2
798,59226,258,227701,227701,227959,168475,168733,227959,2
799,59294,292,312046,312046,312338,252752,253044,312338,2
800,59352,272,292898,292898,293170,233546,233818,293170,2
801,59399,252,182344,182344,182596,122945,123197,182596,2
802,59475,265,267699,267699,267964,208224,208489,267964,2
803,59543,249,157787,157787,158036,98244,98493,158036,2
804,59613,245,127391,127391,127636,67778,68023,127636,2
805,59698,37,59698,59698,59735,0,37,59735,2
806,59767,231,59899,59899,60130,132,363,60130,2
807,59807,64,59835,59835,59899,28,92,59899,2
808,59905,282,309187,309187,309469,249282,249564,309469,2
809,59924,238,60130,60130,60533,206,609,60533,2
810,60015,257,219461,219461,219718,159446,159703,219718,2
811,60092,238,60533,60533,60869,441,777,60869,2
812,60146,43,60146,60146,60189,0,43,60189,2
813,60212,40,60212,60212,60252,0,40,60252,2
814,60291,46,60291,60291,60337,0,46,60337,2
815,60348,261,245087,245087,245348,184739,185000,245348,2
816,60404,36,60404,60404,60440,0,36,60440,2
817,60488,267,277010,277010,277277,216522,216789,277277,2
818,60558,45,60558,60558,60603,0,45,60603,2
819,60626,240,61916,61916,62156,1290,1530,62156,2
820,60721,53,60721,60721,60774,0,53,60774,2
821,60775,242,62509,62509,62751,1734,1976,62751,2
822,60841,228,60869,60869,61097,28,256,61097,2
823,60877,237,61097,61097,61334,220,457,61334,2
824,60969,257,219718,219718,219975,158749,159006,219975,2
825,61085,270,286939,286939,287209,225854,226124,287209,2
826,61120,248,149340,149340,149588,88220,88468,149588,2
827,61166,271,289913,289913,290184,228747,229018,290184,2
828,61242,247,142159,142159,142406,80917,81164,142406,2
829,61315,62,61334,61334,61396,19,81,61396,2
830,61360,237,61396,61396,61633,36,273,61633,2
831,61467,252,182596,182596,182848,121129,121381,182848,2
832,61536,238,61633,61633,61916,97,380,61916,2
833,61611,249,158036,158036,158285,96425,96674,158285,2
834,61690,268,280486,280486,280754,218796,219064,280754,2
835,61781,45,61781,61781,61826,0,45,61826,2
836,61844,264,262672,262672,262936,200828,201092,262936,2
837,61908,263,256613,256613,256876,194705,194968,256876,2
838,62011,261,245348,245348,245609,183337,183598,245609,2
839,62098,243,69194,69194,69482,7096,7384,69482,2
840,62160,55,62160,62160,62215,0,55,62215,2
841,62249,251,173539,173539,173790,111290,111541,173790,2
842,62311,56,62311,62311,62367,0,56,62367,2
843,62388,272,293170,293170,293442,230782,231054,293442,2
844,62451,252,182848,182848,183100,120397,120649,183100,2
845,62528,256,213818,213818,214074,151290,151546,214074,2
846,62614,243,112266,112266,112509,49652,49895,112509,2
847,62697,239,62751,62751,62990,54,293,62990,2
848,62760,268,280754,280754,281022,217994,218262,281022,2
849,62863,225,63213,63213,63438,350,575,63438,2
850,62914,223,62990,62990,63213,76,299,63213,2
851,62965,266,273276,273276,273542,210311,210577,273542,2
852,63005,245,127636,127636,127881,64631,64876,127881,2
853,63090,255,205894,205894,206149,142804,143059,206149,2
854,63145,228,63438,63438,63714,293,569,63714,2
855,63214,271,290184,290184,290455,226970,227241,290455,2
856,63297,243,112509,112509,112752,49212,49455,112752,2
857,63363,238,64045,64045,64384,682,1021,64384,2
858,63444,242,64384,64384,64626,940,1182,64626,2
859,63485,48,63485,63485,63533,0,48,63533,2
860,63530,226,63714,63714,64004,184,474,64004,2
861,63606,257,219975,219975,220232,156369,156626,220232,2
862,63664,255,206149,206149,206404,142485,142740,206404,2
863,63743,263,256876,256876,257139,193133,193396,257139,2
864,63826,243,112752,112752,112995,48926,49169,112995,2
865,63874,64,63874,63874,63938,0,64,63938,2
866,63945,247,142406,142406,142653,78461,78708,142653,2
867,64001,41,64004,64004,64045,3,44,64045,2
868,64111,58,64111,64111,64169,0,58,64169,2
869,64216,43,64216,64216,64259,0,43,64259,2
870,64311,246,134758,134758,135004,70447,70693,135004,2
871,64342,245,127881,127881,128126,63539,63784,128126,2
872,64418,249,158285,158285,158534,93867,94116,158534,2
873,64529,277,303046,303046,303323,238517,238794,303323,2
874,64594,237,64626,64626,64863,32,269,64863,2
875,64684,263,257139,257139,257402,192455,192718,257402,2
876,64743,244,119810,119810,120054,55067,55311,120054,2
877,64814,252,183100,183100,183352,118286,118538,183352,2
878,64872,250,165270,165270,165520,100398,100648,165520,2
879,64958,238,65106,65106,65437,148,479,65437,2
880,65043,253,194466,194466,194719,129423,129676,194719,2
881,65135,241,65437,65437,65731,302,596,65731,2
882,65162,46,65162,65162,65208,0,46,65208,2
883,65240,248,149588,149588,149836,84348,84596,149836,2
884,65330,47,65330,65330,65377,0,47,65377,2
885,65397,280,306381,306381,306661,240984,241264,306661,2
886,65472,53,65472,65472,65525,0,53,65525,2
887,65555,256,214074,214074,214330,148519,148775,214330,2
888,65643,272,293442,293442,293714,227799,228071,293714,2
889,65687,231,65731,65731,65962,44,275,65962,2
890,65779,278,304432,304432,304710,238653,238931,304710,2
891,65840,267,277277,277277,277544,211437,211704,277544,2
892,65920,250,165520,165520,165770,99600,99850,165770,2
893,66006,250,165770,165770,166020,99764,100014,166020,2
894,66086,44,66086,66086,66130,0,44,66130,2
895,66193,51,66193,66193,66244,0,51,66244,2
896,66263,256,214330,214330,214586,148067,148323,214586,2
897,66347,252,183352,183352,183604,117005,117257,183604,2
898,66427,248,149836,149836,150084,83409,83657,150084,2
899,66495,233,66543,66543,66776,48,281,66776,2
900,66573,253,194719,194719,194972,128146,128399,194972,2
901,66640,231,66776,66776,67071,136,431,67071,2
902,66725,274,297539,297539,297813,230814,231088,297813,2
903,66808,251,173790,173790,174041,106982,107233,174041,2
904,66885,64,66885,66885,66949,0,64,66949,2
905,66989,260,240657,240657,240917,173668,173928,240917,2
906,67095,251,174041,174041,174292,106946,107197,174292,2
907,67176,246,135004,135004,135250,67828,68074,135250,2
908,67254,248,150084,150084,150332,82830,83078,150332,2
909,67317,236,67317,67317,67609,0,292,67609,2
910,67384,56,67384,67384,67440,0,56,67440,2
911,67520,249,158534,158534,158783,91014,91263,158783,2
912,67590,244,120054,120054,120298,52464,52708,120298,2
913,67660,241,67849,67849,68090,189,430,68090,2
914,67733,278,304710,304710,304988,236977,237255,304988,2
915,67804,270,287209,287209,287479,219405,219675,287479,2
916,67880,280,306661,306661,306941,238781,239061,306941,2
917,67963,269,284784,284784,285053,216821,217090,285053,2
918,68055,231,68090,68090,68321,35,266,68321,2
919,68182,263,257402,257402,257665,189220,189483,257665,2
920,68252,242,68443,68443,68848,191,596,68848,2
921,68305,61,68321,68321,68382,16,77,68382,2
922,68380,61,68382,68382,68443,2,63,68443,2
923,68451,258,227959,227959,228217,159508,159766,228217,2
924,68499,63,68499,68499,68562,0,63,68562,2
925,68554,44,68562,68562,68606,8,52,68606,2
926,68631,260,240917,240917,241177,172286,172546,241177,2
927,68723,56,68723,68723,68779,0,56,68779,2
928,68813,236,68848,68848,69194,35,381,69194,2
929,68876,245,128126,128126,128371,59250,59495,128371,2
930,68940,52,68940,68940,68992,0,52,68992,2
931,68967,58,68992,68992,69050,25,83,69050,2
932,68987,248,150332,150332,150580,81345,81593,150580,2
933,69066,257,220232,220232,220489,151166,151423,220489,2
934,69133,252,183604,183604,183856,114471,114723,183856,2
935,69210,45,69210,69210,69255,0,45,69255,2
936,69270,242,70677,70677,70919,1407,1649,70919,2
937,69385,235,69525,69525,69760,140,375,69760,2
938,69469,43,69482,69482,69525,13,56,69525,2
939,69561,255,206404,206404,206659,136843,137098,206659,2
940,69614,213,69760,69760,69973,146,359,69973,2
941,69666,235,69973,69973,70208,307,542,70208,2
942,69699,243,112995,112995,113238,43296,43539,113238,2
943,69745,251,174292,174292,174543,104547,104798,174543,2
944,69852,248,150580,150580,150828,80728,80976,150828,2
945,69916,238,70208,70208,70677,292,761,70677,2
946,70002,275,300284,300284,300559,230282,230557,300559,2
947,70061,276,301387,301387,301663,231326,231602,301663,2
948,70123,247,142653,142653,142900,72530,72777,142900,2
949,70209,231,70209,70209,70440,0,231,70440,2
950,70254,255,206659,206659,206914,136405,136660,206914,2
951,70342,250,166020,166020,166270,95678,95928,166270,2
952,70432,249,158783,158783,159032,88351,88600,159032,2
953,70541,262,251623,251623,251885,181082,181344,251885,2
954,70620,250,166270,166270,166520,95650,95900,166520,2
955,70704,269,285053,285053,285322,214349,214618,285322,2
956,70764,234,71204,71204,71438,440,674,71438,2
957,70816,231,70919,70919,71150,103,334,71150,2
958,70903,259,234944,234944,235203,164041,164300,235203,2
959,70974,258,228217,228217,228475,157243,157501,228475,2
960,71010,262,251885,251885,252147,180875,181137,252147,2
961,71100,54,71150,71150,71204,50,104,71204,2
962,71201,265,267964,267964,268229,196763,197028,268229,2
963,71292,252,183856,183856,184108,112564,112816,184108,2
964,71379,237,71438,71438,71675,59,296,71675,2
965,71464,232,71903,71903,72135,439,671,72135,2
966,71531,243,113238,113238,113481,41707,41950,113481,2
967,71608,228,71675,71675,71903,67,295,71903,2
968,71696,237,73566,73566,73803,1870,2107,73803,2
969,71789,251,174543,174543,174794,102754,103005,174794,2
970,71874,283,309751,309751,310034,237877,238160,310034,2
971,71952,253,194972,194972,195225,123020,123273,195225,2
972,72037,234,72135,72135,72409,98,372,72409,2
973,72094,237,73803,73803,74062,1709,1968,74062,2
974,72148,40,72148,72148,72188,0,40,72188,2
975,72204,228,73222,73222,73510,1018,1306,73510,2
976,72309,257,220489,220489,220746,148180,148437,220746,2
977,72382,221,72409,72409,72630,27,248,72630,2
978,72462,248,150828,150828,151076,78366,78614,151076,2
979,72530,253,195225,195225,195478,122695,122948,195478,2
980,72625,221,72630,72630,72889,5,264,72889,2
981,72693,209,72889,72889,73148,196,455,73148,2
982,72778,38,72778,72778,72816,0,38,72816,2
983,72850,245,128371,128371,128616,55521,55766,128616,2
984,72888,267,277544,277544,277811,204656,204923,277811,2
985,72971,50,72971,72971,73021,0,50,73021,2
986,73037,268,281022,281022,281290,207985,208253,281290,2
987,73102,74,73148,73148,73222,46,120,73222,2
988,73179,245,128616,128616,128861,55437,55682,128861,2
989,73245,237,76027,76027,76311,2782,3066,76311,2
990,73306,60,73306,73306,73366,0,60,73366,2
991,73375,256,214586,214586,214842,141211,141467,214842,2
992,73470,56,73510,73510,73566,40,96,73566,2
993,73535,272,293714,293714,293986,220179,220451,293986,2
994,73610,255,206914,206914,207169,133304,133559,207169,2
995,73668,274,297813,297813,298087,224145,224419,298087,2
996,73710,246,135250,135250,135496,61540,61786,135496,2
997,73807,22,73807,73807,73829,0,22,73829,2
998,73882,225,74062,74062,74287,180,405,74287,2
999,73968,247,142900,142900,143147,68932,69179,143147,2
1000,74061,232,74287,74287,74519,226,458,74519,2
1001,74142,261,245609,245609,245870,171467,171728,245870,2
1002,74220,258,228475,228475,228733,154255,154513,228733,2
1003,74331,233,74519,74519,74903,188,572,74903,2
1004,74400,241,82426,82426,82667,8026,8267,82667,2
1005,74455,0,74455,74455,74455,0,0,74455,2
1006,74510,0,74510,74510,74510,0,0,74510,2
1007,74546,232,75479,75479,75711,933,1165,75711,2
1008,74647,216,74903,74903,75221,256,574,75221,2
1009,74687,53,74687,74687,74740,0,53,74740,2
1010,74737,53,74740,74740,74793,3,56,74793,2
1011,74803,45,74803,74803,74848,0,45,74848,2
1012,74864,288,310891,310891,311179,236027,236315,311179,2
1013,74943,49,74943,74943,74992,0,49,74992,2
1014,74949,244,120298,120298,120542,45349,45593,120542,2
1015,75027,53,75027,75027,75080,0,53,75080,2
1016,75117,244,120542,120542,120786,45425,45669,120786,2
1017,75165,228,75221,75221,75479,56,314,75479,2
1018,75240,30,75240,75240,75270,0,30,75270,2
1019,75318,245,128861,128861,129106,53543,53788,129106,2
1020,75389,281,308625,308625,308906,233236,233517,308906,2
1021,75454,274,298087,298087,298361,222633,222907,298361,2
1022,75548,237,77093,77093,77330,1545,1782,77330,2
1023,75588,231,75759,75759,76027,171,439,76027,2
1024,75682,48,75711,75711,75759,29,77,75759,2
1025,75761,254,201565,201565,201819,125804,126058,201819,2
1026,75822,252,184108,184108,184360,108286,108538,184360,2
1027,75856,37,75856,75856,75893,0,37,75893,2
1028,75933,238,79672,79672,79910,3739,3977,79910,2
1029,76043,230,76311,76311,76590,268,547,76590,2
1030,76098,47,76098,76098,76145,0,47,76145,2
1031,76164,233,76627,76627,76860,463,696,76860,2
1032,76217,247,143147,143147,143394,66930,67177,143394,2
1033,76294,271,290455,290455,290726,214161,214432,290726,2
1034,76349,49,76349,76349,76398,0,49,76398,2
1035,76461,248,151076,151076,151324,74615,74863,151324,2
1036,76562,37,76590,76590,76627,28,65,76627,2
1037,76658,253,195478,195478,195731,118820,119073,195731,2
1038,76736,233,76860,76860,77093,124,357,77093,2
1039,76819,243,113481,113481,113724,36662,36905,113724,2
1040,76893,250,166520,166520,166770,89627,89877,166770,2
1041,76953,262,252147,252147,252409,175194,175456,252409,2
1042,77028,268,281290,281290,281558,204262,204530,281558,2
1043,77103,236,78914,78914,79202,1811,2099,79202,2
1044,77154,256,214842,214842,215098,137688,137944,215098,2
1045,77203,252,184360,184360,184612,107157,107409,184612,2
1046,77290,68,77330,77330,77398,40,108,77398,2
1047,77357,230,77449,77449,77767,92,410,77767,2
1048,77398,51,77398,77398,77449,0,51,77449,2
1049,77455,34,77455,77455,77489,0,34,77489,2
1050,77557,54,77557,77557,77611,0,54,77611,2
1051,77627,261,245870,245870,246131,168243,168504,246131,2
1052,77718,235,77767,77767,78186,49,468,78186,2
1053,77820,251,174794,174794,175045,96974,97225,175045,2
1054,77854,244,120786,120786,121030,42932,43176,121030,2
1055,77892,48,77892,77892,77940,0,48,77940,2
1056,77976,66,77976,77976,78042,0,66,78042,2
1057,78056,36,78056,78056,78092,0,36,78092,2
1058,78117,34,78117,78117,78151,0,34,78151,2
1059,78174,228,78186,78186,78414,12,240,78414,2
1060,78259,250,166770,166770,167020,88511,88761,167020,2
1061,78325,250,167020,167020,167270,88695,88945,167270,2
1062,78381,222,78414,78414,78636,33,255,78636,2
1063,78452,211,78636,78636,78914,184,462,78914,2
1064,78497,239,81488,81488,81785,2991,3288,81785,2
1065,78583,0,78583,78583,78583,0,0,78583,2
1066,78653,67,78653,78653,78720,0,67,78720,2
1067,78727,242,101102,101102,101344,22375,22617,101344,2
1068,78814,238,81202,81202,81440,2388,2626,81440,2
1069,78885,246,135496,135496,135742,56611,56857,135742,2
1070,78951,52,78951,78951,79003,0,52,79003,2
1071,79046,235,79202,79202,79437,156,391,79437,2
1072,79138,245,129106,129106,129351,49968,50213,129351,2
1073,79214,235,79437,79437,79672,223,458,79672,2
1074,79281,257,220746,220746,221003,141465,141722,221003,2
1075,79367,244,121030,121030,121274,41663,41907,121274,2
1076,79445,244,121274,121274,121518,41829,42073,121518,2
1077,79503,263,257665,257665,257928,178162,178425,257928,2
1078,79587,241,84917,84917,85212,5330,5625,85212,2
1079,79664,278,304988,304988,305266,225324,225602,305266,2
1080,79722,230,80175,80175,80405,453,683,80405,2
1081,79802,264,262936,262936,263200,183134,183398,263200,2
1082,79881,212,79910,79910,80175,29,294,80175,2
1083,79960,53,79960,79960,80013,0,53,80013,2
1084,80035,237,80405,80405,80686,370,651,80686,2
1085,80102,272,293986,293986,294258,213884,214156,294258,2
1086,80164,255,207169,207169,207424,127005,127260,207424,2
1087,80218,0,80218,80218,80218,0,0,80218,2
1088,80307,242,101344,101344,101667,21037,21360,101667,2
1089,80415,0,80415,80415,80415,0,0,80415,2
1090,80448,251,175045,175045,175296,94597,94848,175296,2
1091,80538,44,80538,80538,80582,0,44,80582,2
1092,80610,234,80686,80686,80967,76,357,80967,2
1093,80702,47,80702,80702,80749,0,47,80749,2
1094,80790,280,306941,306941,307221,226151,226431,307221,2
1095,80880,235,80967,80967,81202,87,322,81202,2
1096,81006,0,81006,81006,81006,0,0,81006,2
1097,81058,244,121518,121518,121762,40460,40704,121762,2
1098,81170,0,81170,81170,81170,0,0,81170,2
1099,81239,242,103248,103248,103535,22009,22296,103535,2
1100,81303,273,295077,295077,295350,213774,214047,295350,2
1101,81401,48,81440,81440,81488,39,87,81488,2
1102,81496,233,81849,81849,82082,353,586,82082,2
1103,81601,58,81601,81601,81659,0,58,81659,2
1104,81699,263,257928,257928,258191,176229,176492,258191,2
1105,81766,64,81785,81785,81849,19,83,81849,2
1106,81841,257,221003,221003,221260,139162,139419,221260,2
1107,81939,239,82137,82137,82426,198,487,82426,2
1108,81998,261,246131,246131,246392,164133,164394,246392,2
1109,82069,55,82082,82082,82137,13,68,82137,2
1110,82139,50,82139,82139,82189,0,50,82189,2
1111,82242,244,121762,121762,122006,39520,39764,122006,2
1112,82309,260,241177,241177,241437,158868,159128,241437,2
1113,82409,252,184612,184612,184864,102203,102455,184864,2
1114,82444,240,82725,82725,82965,281,521,82965,2
1115,82504,261,246392,246392,246653,163888,164149,246653,2
1116,82572,258,228733,228733,228991,146161,146419,228991,2
1117,82667,58,82667,82667,82725,0,58,82725,2
1118,82710,245,129351,129351,129596,46641,46886,129596,2
1119,82763,236,82965,82965,83201,202,438,83201,2
1120,82836,270,287479,287479,287749,204643,204913,287749,2
1121,82896,236,83201,83201,83437,305,541,83437,2
1122,82948,263,258191,258191,258454,175243,175506,258454,2
1123,83037,245,129596,129596,129841,46559,46804,129841,2
1124,83121,241,90766,90766,91007,7645,7886,91007,2
1125,83202,248,151324,151324,151572,68122,68370,151572,2
1126,83254,273,295350,295350,295623,212096,212369,295623,2
1127,83288,257,221260,221260,221517,137972,138229,221517,2
1128,83343,223,83437,83437,83660,94,317,83660,2
1129,83432,277,303323,303323,303600,219891,220168,303600,2
1130,83501,236,83660,83660,83955,159,454,83955,2
1131,83544,252,184864,184864,185116,101320,101572,185116,2
1132,83608,269,285322,285322,285591,201714,201983,285591,2
1133,83685,234,84166,84166,84400,481,715,84400,2
1134,83764,59,83764,83764,83823,0,59,83823,2
1135,83846,254,201819,201819,202073,117973,118227,202073,2
1136,83931,48,83955,83955,84003,24,72,84003,2
1137,83955,54,84003,84003,84057,48,102,84057,2
1138,84031,55,84057,84057,84112,26,81,84112,2
1139,84096,54,84112,84112,84166,16,70,84166,2
1140,84157,0,84157,84157,84157,0,0,84157,2
1141,84221,237,84400,84400,84637,179,416,84637,2
1142,84281,259,235203,235203,235462,150922,151181,235462,2
1143,84338,257,221517,221517,221774,137179,137436,221774,2
1144,84390,240,84637,84637,84917,247,527,84917,2
1145,84413,269,285591,285591,285860,201178,201447,285860,2
1146,84508,256,215098,215098,215354,130590,130846,215354,2
1147,84580,264,263200,263200,263464,178620,178884,263464,2
1148,84682,262,252409,252409,252671,167727,167989,252671,2
1149,84761,273,295623,295623,295896,210862,211135,295896,2
1150,84822,40,84822,84822,84862,0,40,84862,2
1151,84901,249,159032,159032,159281,74131,74380,159281,2
1152,84963,250,167270,167270,167520,82307,82557,167520,2
1153,85027,54,85027,85027,85081,0,54,85081,2
1154,85114,232,85247,85247,85479,133,365,85479,2
1155,85183,35,85212,85212,85247,29,64,85247,2
1156,85264,236,86619,86619,86855,1355,1591,86855,2
1157,85340,228,85479,85479,85707,139,367,85707,2
1158,85405,255,207424,207424,207679,122019,122274,207679,2
1159,85489,233,86386,86386,86619,897,1130,86619,2
1160,85527,253,195731,195731,195984,110204,110457,195984,2
1161,85598,226,85707,85707,85933,109,335,85933,2
1162,85713,232,85933,85933,86386,220,673,86386,2
1163,85807,257,221774,221774,222031,135967,136224,222031,2
1164,85877,251,175296,175296,175547,89419,89670,175547,2
1165,85934,221,85934,85934,86155,0,221,86155,2
1166,86015,241,91069,91069,91359,5054,5344,91359,2
1167,86089,273,295896,295896,296169,209807,210080,296169,2
1168,86177,271,290726,290726,290997,204549,204820,290997,2
1169,86236,236,86912,86912,87148,676,912,87148,2
1170,86292,237,87421,87421,87705,1129,1413,87705,2
1171,86425,251,175547,175547,175798,89122,89373,175798,2
1172,86461,240,88441,88441,88681,1980,2220,88681,2
1173,86563,239,87705,87705,87944,1142,1381,87944,2
1174,86660,0,86660,86660,86660,0,0,86660,2
1175,86730,241,94737,94737,94978,8007,8248,94978,2
1176,86817,57,86855,86855,86912,38,95,86912,2
1177,86899,254,202073,202073,202327,115174,115428,202327,2
1178,86962,265,268229,268229,268494,181267,181532,268494,2
1179,87003,224,87148,87148,87421,145,418,87421,2
1180,87101,242,107100,107100,107342,19999,20241,107342,2
1181,87185,248,151572,151572,151820,64387,64635,151820,2
1182,87295,49,87295,87295,87344,0,49,87344,2
1183,87354,241,95863,95863,96150,8509,8796,96150,2
1184,87459,47,87459,87459,87506,0,47,87506,2
1185,87580,262,252671,252671,252933,165091,165353,252933,2
1186,87641,259,235462,235462,235721,147821,148080,235721,2
1187,87736,261,246653,246653,246914,158917,159178,246914,2
1188,87799,246,135742,135742,135988,47943,48189,135988,2
1189,87875,219,87944,87944,88163,69,288,88163,2
1190,87929,238,88163,88163,88441,234,512,88441,2
1191,88002,271,290997,290997,291268,202995,203266,291268,2
1192,88067,243,113724,113724,113967,25657,25900,113967,2
1193,88181,40,88181,88181,88221,0,40,88221,2
1194,88254,253,195984,195984,196237,107730,107983,196237,2
1195,88349,249,159281,159281,159530,70932,71181,159530,2
1196,88450,267,277811,277811,278078,189361,189628,278078,2
1197,88523,247,143394,143394,143641,54871,55118,143641,2
1198,88626,231,88681,88681,88912,55,286,88912,2
1199,88721,257,222031,222031,222288,133310,133567,222288,2
1200,88773,259,235721,235721,235980,146948,147207,235980,2
1201,88854,276,301663,301663,301939,212809,213085,301939,2
1202,88894,44,88912,88912,88956,18,62,88956,2
1203,88955,230,88956,88956,89186,1,231,89186,2
1204,89012,234,89235,89235,89469,223,457,89469,2
1205,89067,257,222288,222288,222545,133221,133478,222545,2
1206,89160,49,89186,89186,89235,26,75,89235,2
1207,89281,243,113967,113967,114210,24686,24929,114210,2
1208,89365,232,89505,89505,89737,140,372,89737,2
1209,89465,36,89469,89469,89505,4,40,89505,2
1210,89573,233,89737,89737,89970,164,397,89970,2
1211,89669,242,107580,107580,107822,17911,18153,107822,2
1212,89755,244,122006,122006,122250,32251,32495,122250,2
1213,89821,236,89970,89970,90206,149,385,90206,2
1214,89903,266,273542,273542,273808,183639,183905,273808,2
1215,89993,241,98041,98041,98282,8048,8289,98282,2
1216,90108,237,90206,90206,90486,98,378,90486,2
1217,90186,237,90529,90529,90766,343,580,90766,2
1218,90247,277,303600,303600,303877,213353,213630,303877,2
1219,90267,43,90267,90267,90310,0,43,90310,2
1220,90335,241,98282,98282,98560,7947,8225,98560,2
1221,90409,243,114210,114210,114453,23801,24044,114453,2
1222,90473,43,90486,90486,90529,13,56,90529,2
1223,90524,242,109672,109672,109991,19148,19467,109991,2
1224,90595,251,175798,175798,176049,85203,85454,176049,2
1225,90635,243,114453,114453,114696,23818,24061,114696,2
1226,90701,250,167520,167520,167770,76819,77069,167770,2
1227,90780,263,258454,258454,258717,167674,167937,258717,2
1228,90860,249,159530,159530,159779,68670,68919,159779,2
1229,90909,271,291268,291268,291539,200359,200630,291539,2
1230,91002,62,91007,91007,91069,5,67,91069,2
1231,91085,255,207679,207679,207934,116594,116849,207934,2
1232,91147,230,91359,91359,91589,212,442,91589,2
1233,91230,49,91230,91230,91279,0,49,91279,2
1234,91325,248,151820,151820,152068,60495,60743,152068,2
1235,91429,240,94451,94451,94737,3022,3308,94737,2
1236,91500,223,91589,91589,91862,89,362,91862,2
1237,91591,265,268494,268494,268759,176903,177168,268759,2
1238,91682,50,91682,91682,91732,0,50,91732,2
1239,91767,221,92077,92077,92298,310,531,92298,2
1240,91858,215,91862,91862,92077,4,219,92077,2
1241,91958,236,92298,92298,92598,340,640,92598,2
1242,92004,265,268759,268759,269024,176755,177020,269024,2
1243,92076,270,287749,287749,288019,195673,195943,288019,2
1244,92157,263,258717,258717,258980,166560,166823,258980,2
1245,92259,243,114696,114696,114939,22437,22680,114939,2
1246,92311,231,93095,93095,93326,784,1015,93326,2
1247,92387,229,92815,92815,93095,428,708,93095,2
1248,92457,64,92457,92457,92521,0,64,92521,2
1249,92519,237,93936,93936,94173,1417,1654,94173,2
1250,92594,217,92598,92598,92815,4,221,92815,2
1251,92711,247,143641,143641,143888,50930,51177,143888,2
1252,92812,248,152068,152068,152316,59256,59504,152316,2
1253,92898,253,196237,196237,196490,103339,103592,196490,2
1254,92975,51,92975,92975,93026,0,51,93026,2
1255,93032,243,114939,114939,115182,21907,22150,115182,2
1256,93109,231,93381,93381,93655,272,546,93655,2
1257,93194,257,222545,222545,222802,129351,129608,222802,2
1258,93246,254,202327,202327,202581,109081,109335,202581,2
1259,93325,55,93326,93326,93381,1,56,93381,2
1260,93412,43,93412,93412,93455,0,43,93455,2
1261,93485,226,93655,93655,93936,170,451,93936,2
1262,93565,237,94173,94173,94451,608,886,94451,2
1263,93619,246,135988,135988,136234,42369,42615,136234,2
1264,93685,55,93685,93685,93740,0,55,93740,2
1265,93784,261,246914,246914,247175,153130,153391,247175,2
1266,93878,265,269024,269024,269289,175146,175411,269289,2
1267,93998,253,196490,196490,196743,102492,102745,196743,2
1268,94079,266,273808,273808,274074,179729,179995,274074,2
1269,94163,255,207934,207934,208189,113771,114026,208189,2
1270,94255,251,176049,176049,176300,81794,82045,176300,2
1271,94355,41,94355,94355,94396,0,41,94396,2
1272,94502,264,263464,263464,263728,168962,169226,263728,2
1273,94587,46,94587,94587,94633,0,46,94633,2
1274,94682,257,222802,222802,223059,128120,128377,223059,2
1275,94765,252,185116,185116,185368,90351,90603,185368,2
1276,94822,240,95201,95201,95441,379,619,95441,2
1277,94867,223,94978,94978,95201,111,334,95201,2
1278,94938,267,278078,278078,278345,183140,183407,278345,2
1279,94962,244,122250,122250,122494,27288,27532,122494,2
1280,95048,247,143888,143888,144135,48840,49087,144135,2
1281,95112,253,196743,196743,196996,101631,101884,196996,2
1282,95209,236,95514,95514,95802,305,593,95802,2
1283,95241,256,215354,215354,215610,120113,120369,215610,2
1284,95328,254,202581,202581,202835,107253,107507,202835,2
1285,95408,73,95441,95441,95514,33,106,95514,2
1286,95475,265,269289,269289,269554,173814,174079,269554,2
1287,95576,52,95576,95576,95628,0,52,95628,2
1288,95643,256,215610,215610,215866,119967,120223,215866,2
1289,95711,282,309469,309469,309751,213758,214040,309751,2
1290,95752,61,95802,95802,95863,50,111,95863,2
1291,95864,267,278345,278345,278612,182481,182748,278612,2
1292,95939,248,152316,152316,152564,56377,56625,152564,2
1293,96004,46,96004,96004,96050,0,46,96050,2
1294,96035,237,96150,96150,96387,115,352,96387,2
1295,96119,243,115182,115182,115425,19063,19306,115425,2
1296,96206,253,196996,196996,197249,100790,101043,197249,2
1297,96311,235,96387,96387,96659,76,348,96659,2
1298,96383,236,97346,97346,97582,963,1199,97582,2
1299,96451,250,167770,167770,168020,71319,71569,168020,2
1300,96518,37,96518,96518,96555,0,37,96555,2
1301,96583,252,185368,185368,185620,88785,89037,185620,2
1302,96620,226,96659,96659,96885,39,265,96885,2
1303,96692,230,96885,96885,97115,193,423,97115,2
1304,96766,242,110546,110546,110788,13780,14022,110788,2
1305,96878,242,111540,111540,111782,14662,14904,111782,2
1306,96938,260,241437,241437,241697,144499,144759,241697,2
1307,97023,231,97115,97115,97346,92,323,97346,2
1308,97124,251,176300,176300,176551,79176,79427,176551,2
1309,97184,248,152564,152564,152812,55380,55628,152812,2
1310,97268,252,185620,185620,185872,88352,88604,185872,2
1311,97321,250,168020,168020,168270,70699,70949,168270,2
1312,97356,246,136234,136234,136480,38878,39124,136480,2
1313,97473,239,97802,97802,98041,329,568,98041,2
1314,97504,220,97582,97582,97802,78,298,97802,2
1315,97600,249,159779,159779,160028,62179,62428,160028,2
1316,97685,245,129841,129841,130086,32156,32401,130086,2
1317,97749,241,98560,98560,98898,811,1149,98898,2
1318,97827,255,208189,208189,208444,110362,110617,208444,2
1319,97939,252,185872,185872,186124,87933,88185,186124,2
1320,97990,252,186124,186124,186376,88134,88386,186376,2
1321,98053,245,130086,130086,130331,32033,32278,130331,2
1322,98176,249,160028,160028,160277,61852,62101,160277,2
1323,98266,281,308906,308906,309187,210640,210921,309187,2
1324,98347,37,98347,98347,98384,0,37,98384,2
1325,98407,249,160277,160277,160526,61870,62119,160526,2
1326,98504,241,99401,99401,99642,897,1138,99642,2
1327,98566,239,98898,98898,99137,332,571,99137,2
1328,98618,252,186376,186376,186628,87758,88010,186628,2
1329,98690,51,98690,98690,98741,0,51,98741,2
1330,98747,46,98747,98747,98793,0,46,98793,2
1331,98829,251,176551,176551,176802,77722,77973,176802,2
1332,98924,255,208444,208444,208699,109520,109775,208699,2
1333,99028,229,99137,99137,99401,109,373,99401,2
1334,99088,255,208699,208699,208954,109611,109866,208954,2
1335,99135,263,258980,258980,259243,159845,160108,259243,2
1336,99213,252,186628,186628,186880,87415,87667,186880,2
1337,99295,35,99295,99295,99330,0,35,99330,2
1338,99372,261,247175,247175,247436,147803,148064,247436,2
1339,99452,276,301939,301939,302215,202487,202763,302215,2
1340,99503,235,99642,99642,99926,139,423,99926,2
1341,99583,258,228991,228991,229249,129408,129666,229249,2
1342,99665,258,229249,229249,229507,129584,129842,229507,2
1343,99734,268,281558,281558,281826,181824,182092,281826,2
1344,99804,49,99804,99804,99853,0,49,99853,2
1345,99848,237,99926,99926,100163,78,315,100163,2
1346,99948,266,274074,274074,274340,174126,174392,274340,2
1347,100009,235,100163,100163,100480,154,471,100480,2
1348,100120,243,115425,115425,115668,15305,15548,115668,2
1349,100174,49,100174,100174,100223,0,49,100223,2
1350,100269,33,100269,100269,100302,0,33,100302,2
1351,100355,261,247436,247436,247697,147081,147342,247697,2
1352,100449,227,100480,100480,100771,31,322,100771,2
1353,100553,64,100553,100553,100617,0,64,100617,2
1354,100636,263,259243,259243,259506,158607,158870,259506,2
1355,100704,239,100771,100771,101102,67,398,101102,2
1356,100773,44,100773,100773,100817,0,44,100817,2
1357,100869,48,100869,100869,100917,0,48,100917,2
1358,100935,264,263728,263728,263992,162793,163057,263992,2
1359,101020,267,278612,278612,278879,177592,177859,278879,2
1360,101121,269,285860,285860,286129,184739,185008,286129,2
1361,101194,259,235980,235980,236239,134786,135045,236239,2
1362,101300,247,144135,144135,144382,42835,43082,144382,2
1363,101414,53,101414,101414,101467,0,53,101467,2
1364,101485,237,101667,101667,101904,182,419,101904,2
1365,101563,28,101563,101563,101591,0,28,101591,2
1366,101629,243,115668,115668,115911,14039,14282,115911,2
1367,101686,249,160526,160526,160775,58840,59089,160775,2
1368,101757,213,102165,102165,102378,408,621,102378,2
1369,101841,210,101904,101904,102165,63,324,102165,2
1370,101936,237,102951,102951,103188,1015,1252,103188,2
1371,102039,51,102039,102039,102090,0,51,102090,2
1372,102083,229,102378,102378,102607,295,524,102607,2
1373,102154,267,278879,278879,279146,176725,176992,279146,2
1374,102255,258,229507,229507,229765,127252,127510,229765,2
1375,102352,248,152812,152812,153060,50460,50708,153060,2
1376,102418,248,153060,153060,153308,50642,50890,153308,2
1377,102485,277,303877,303877,304154,201392,201669,304154,2
1378,102584,69,102607,102607,102676,23,92,102676,2
1379,102616,224,102676,102676,102951,60,335,102951,2
1380,102688,252,186880,186880,187132,84192,84444,187132,2
1381,102746,51,102746,102746,102797,0,51,102797,2
1382,102844,262,252933,252933,253195,150089,150351,253195,2
1383,102932,256,215866,215866,216122,112934,113190,216122,2
1384,102995,253,197249,197249,197502,94254,94507,197502,2
1385,103042,0,103042,103042,103042,0,0,103042,2
1386,103141,60,103188,103188,103248,47,107,103248,2
1387,103215,274,298361,298361,298635,195146,195420,298635,2
1388,103268,264,263992,263992,264256,160724,160988,264256,2
1389,103331,261,247697,247697,247958,144366,144627,247958,2
1390,103408,45,103408,103408,103453,0,45,103453,2
1391,103458,238,103535,103535,103837,77,379,103837,2
1392,103499,280,307221,307221,307501,203722,204002,307501,2
1393,103562,232,104068,104068,104300,506,738,104300,2
1394,103617,64,103617,103617,103681,0,64,103681,2
1395,103696,271,291539,291539,291810,187843,188114,291810,2
1396,103764,231,103837,103837,104068,73,304,104068,2
1397,103823,300,312927,312927,313227,209104,209404,313227,2
1398,103925,246,136480,136480,136726,32555,32801,136726,2
1399,104023,249,160775,160775,161024,56752,57001,161024,2
1400,104130,245,130331,130331,130576,26201,26446,130576,2
1401,104199,241,104300,104300,104541,101,342,104541,2
1402,104273,243,115911,115911,116154,11638,11881,116154,2
1403,104323,253,197502,197502,197755,93179,93432,197755,2
1404,104366,242,111782,111782,112024,7416,7658,112024,2
1405,104408,226,104541,104541,104767,133,359,104767,2
1406,104468,236,104767,104767,105051,299,583,105051,2
1407,104567,248,153308,153308,153556,48741,48989,153556,2
1408,104591,260,241697,241697,241957,137106,137366,241957,2
1409,104681,256,216122,216122,216378,111441,111697,216378,2
1410,104778,48,104778,104778,104826,0,48,104826,2
1411,104872,234,105723,105723,105992,851,1120,105992,2
1412,104957,262,253195,253195,253457,148238,148500,253457,2
1413,105033,222,105051,105051,105273,18,240,105273,2
1414,105111,228,105495,105495,105723,384,612,105723,2
1415,105183,244,122494,122494,122738,17311,17555,122738,2
1416,105243,222,105273,105273,105495,30,252,105495,2
1417,105317,268,281826,281826,282094,176509,176777,282094,2
1418,105405,241,106859,106859,107100,1454,1695,107100,2
1419,105463,244,122738,122738,122982,17275,17519,122982,2
1420,105561,235,105992,105992,106227,431,666,106227,2
1421,105646,238,106585,106585,106859,939,1213,106859,2
1422,105736,247,144382,144382,144629,38646,38893,144629,2
1423,105793,35,105793,105793,105828,0,35,105828,2
1424,105884,261,247958,247958,248219,142074,142335,248219,2
1425,105972,260,241957,241957,242217,135985,136245,242217,2
1426,106062,265,269554,269554,269819,163492,163757,269819,2
1427,106140,252,187132,187132,187384,80992,81244,187384,2
1428,106220,236,106227,106227,106585,7,365,106585,2
1429,106292,49,106292,106292,106341,0,49,106341,2
1430,106350,40,106350,106350,106390,0,40,106390,2
1431,106444,33,106444,106444,106477,0,33,106477,2
1432,106543,264,264256,264256,264520,157713,157977,264520,2
1433,106638,249,161024,161024,161273,54386,54635,161273,2
1434,106721,36,106721,106721,106757,0,36,106757,2
1435,106781,249,161273,161273,161522,54492,54741,161522,2
1436,106845,264,264520,264520,264784,157675,157939,264784,2
1437,106895,0,106895,106895,106895,0,0,106895,2
1438,106984,270,288019,288019,288289,181035,181305,288289,2
1439,107051,257,223059,223059,223316,116008,116265,223316,2
1440,107107,263,259506,259506,259769,152399,152662,259769,2
1441,107188,252,187384,187384,187636,80196,80448,187636,2
1442,107278,238,107342,107342,107580,64,302,107580,2
1443,107370,260,242217,242217,242477,134847,135107,242477,2
1444,107428,243,116154,116154,116397,8726,8969,116397,2
1445,107513,252,187636,187636,187888,80123,80375,187888,2
1446,107571,243,116397,116397,116640,8826,9069,116640,2
1447,107671,239,107822,107822,108061,151,390,108061,2
1448,107771,263,259769,259769,260032,151998,152261,260032,2
1449,107869,250,168270,168270,168520,60401,60651,168520,2
1450,107926,223,108061,108061,108343,135,417,108343,2
1451,108010,236,109101,109101,109337,1091,1327,109337,2
1452,108105,219,108343,108343,108609,238,504,108609,2
1453,108166,278,305266,305266,305544,197100,197378,305544,2
1454,108185,59,108185,108185,108244,0,59,108244,2
1455,108247,230,108609,108609,108839,362,592,108839,2
1456,108339,259,236239,236239,236498,127900,128159,236498,2
1457,108405,274,298635,298635,298909,190230,190504,298909,2
1458,108488,47,108488,108488,108535,0,47,108535,2
1459,108572,258,229765,229765,230023,121193,121451,230023,2
1460,108618,244,122982,122982,123226,14364,14608,123226,2
1461,108710,201,108900,108900,109101,190,391,109101,2
1462,108788,61,108839,108839,108900,51,112,108900,2
1463,108847,242,112024,112024,112266,3177,3419,112266,2
1464,108890,246,136726,136726,136972,27836,28082,136972,2
1465,108959,250,168520,168520,168770,59561,59811,168770,2
1466,109041,248,153556,153556,153804,44515,44763,153804,2
1467,109120,251,176802,176802,177053,67682,67933,177053,2
1468,109190,226,109337,109337,109672,147,482,109672,2
1469,109269,243,116640,116640,116883,7371,7614,116883,2
1470,109345,270,288289,288289,288559,178944,179214,288559,2
1471,109393,247,144629,144629,144876,35236,35483,144876,2
1472,109480,52,109480,109480,109532,0,52,109532,2
1473,109529,57,109532,109532,109589,3,60,109589,2
1474,109616,261,248219,248219,248480,138603,138864,248480,2
1475,109697,249,161522,161522,161771,51825,52074,161771,2
1476,109779,27,109779,109779,109806,0,27,109806,2
1477,109858,50,109858,109858,109908,0,50,109908,2
1478,109945,55,109991,109991,110046,46,101,110046,2
1479,109998,230,110046,110046,110315,48,317,110315,2
1480,110068,290,311756,311756,312046,201688,201978,312046,2
1481,110119,231,110315,110315,110546,196,427,110546,2
1482,110213,39,110213,110213,110252,0,39,110252,2
1483,110298,251,177053,177053,177304,66755,67006,177304,2
1484,110401,248,153804,153804,154052,43403,43651,154052,2
1485,110466,261,248480,248480,248741,138014,138275,248741,2
1486,110523,270,288559,288559,288829,178036,178306,288829,2
1487,110583,265,269819,269819,270084,159236,159501,270084,2
1488,110645,230,110788,110788,111018,143,373,111018,2
1489,110697,232,111043,111043,111275,346,578,111275,2
1490,110766,254,202835,202835,203089,92069,92323,203089,2
1491,110836,256,216378,216378,216634,105542,105798,216634,2
1492,110911,288,311179,311179,311467,200268,200556,311467,2
1493,111000,25,111018,111018,111043,18,43,111043,2
1494,111036,257,223316,223316,223573,112280,112537,223573,2
1495,111126,249,161771,161771,162020,50645,50894,162020,2
1496,111201,243,116883,116883,117126,5682,5925,117126,2
1497,111256,230,111275,111275,111540,19,284,111540,2
1498,111342,259,236498,236498,236757,125156,125415,236757,2
1499,111384,35,111384,111384,111419,0,35,111419,2
,,,,,,"Average
Response
Time:
81350","Average
Turnaround
Time:
81567",,
