Index,Arrival Time,Job Size,Start Job,Initial Clock Time,End Time,Response Time,Turnaround Time,Final Clock Time,Job State
0,70,168,70,70,238,0,168,238,2
1,136,144,238,238,382,102,246,382,2
2,219,144,382,382,526,163,307,526,2
3,289,199,526,526,725,237,436,725,2
4,379,154,725,725,879,346,500,879,2
5,444,121,879,879,1000,435,556,1000,2
6,524,155,1000,1000,1155,476,631,1155,2
7,634,119,1155,1155,1274,521,640,1274,2
8,703,167,1274,1274,1441,571,738,1441,2
9,803,143,1441,1441,1584,638,781,1584,2
10,906,161,1584,1584,1745,678,839,1745,2
11,961,176,1745,1745,1921,784,960,1921,2
12,1039,134,1921,1921,2055,882,1016,2055,2
13,1099,150,2055,2055,2205,956,1106,2205,2
14,1194,152,2205,2205,2357,1011,1163,2357,2
15,1244,131,2357,2357,2488,1113,1244,2488,2
16,1312,128,2488,2488,2616,1176,1304,2616,2
17,1331,148,2616,2616,2764,1285,1433,2764,2
18,1412,92,2764,2764,2856,1352,1444,2856,2
19,1482,143,2856,2856,2999,1374,1517,2999,2
20,1530,154,2999,2999,3153,1469,1623,3153,2
21,1550,157,3153,3153,3310,1603,1760,3310,2
22,1618,126,3310,3310,3436,1692,1818,3436,2
23,1669,156,3436,3436,3592,1767,1923,3592,2
24,1768,151,3592,3592,3743,1824,1975,3743,2
25,1816,145,3743,3743,3888,1927,2072,3888,2
26,1904,166,3888,3888,4054,1984,2150,4054,2
27,1997,177,4054,4054,4231,2057,2234,4231,2
28,2084,147,4231,4231,4378,2147,2294,4378,2
29,2158,168,4378,4378,4546,2220,2388,4546,2
30,2211,165,4546,4546,4711,2335,2500,4711,2
31,2279,151,4711,4711,4862,2432,2583,4862,2
32,2372,186,4862,4862,5048,2490,2676,5048,2
33,2454,169,5048,5048,5217,2594,2763,5217,2
34,2531,150,5217,5217,5367,2686,2836,5367,2
35,2597,100,5367,5367,5467,2770,2870,5467,2
36,2715,160,5467,5467,5627,2752,2912,5627,2
37,2837,130,5627,5627,5757,2790,2920,5757,2
38,2907,170,5757,5757,5927,2850,3020,5927,2
39,2970,184,5927,5927,6111,2957,3141,6111,2
40,3052,173,6111,6111,6284,3059,3232,6284,2
41,3094,156,6284,6284,6440,3190,3346,6440,2
42,3144,154,6440,6440,6594,3296,3450,6594,2
43,3216,149,6594,6594,6743,3378,3527,6743,2
44,3297,130,6743,6743,6873,3446,3576,6873,2
45,3381,142,6873,6873,7015,3492,3634,7015,2
46,3461,152,7015,7015,7167,3554,3706,7167,2
47,3601,143,7167,7167,7310,3566,3709,7310,2
48,3695,177,7310,7310,7487,3615,3792,7487,2
49,3791,173,7487,7487,7660,3696,3869,7660,2
50,3854,153,7660,7660,7813,3806,3959,7813,2
51,3939,146,7813,7813,7959,3874,4020,7959,2
52,4014,143,7959,7959,8102,3945,4088,8102,2
53,4072,152,8102,8102,8254,4030,4182,8254,2
54,4163,158,8254,8254,8412,4091,4249,8412,2
55,4236,154,8412,8412,8566,4176,4330,8566,2
56,4328,154,8566,8566,8720,4238,4392,8720,2
57,4399,189,8720,8720,8909,4321,4510,8909,2
58,4454,125,8909,8909,9034,4455,4580,9034,2
59,4522,144,9034,9034,9178,4512,4656,9178,2
60,4621,139,9178,9178,9317,4557,4696,9317,2
61,4696,149,9317,9317,9466,4621,4770,9466,2
62,4792,143,9466,9466,9609,4674,4817,9609,2
63,4843,153,9609,9609,9762,4766,4919,9762,2
64,4939,145,9762,9762,9907,4823,4968,9907,2
65,5001,169,9907,9907,10076,4906,5075,10076,2
66,5091,154,10076,10076,10230,4985,5139,10230,2
67,5181,132,10230,10230,10362,5049,5181,10362,2
68,5249,149,10362,10362,10511,5113,5262,10511,2
69,5332,129,10511,10511,10640,5179,5308,10640,2
70,5411,157,10640,10640,10797,5229,5386,10797,2
71,5477,149,10797,10797,10946,5320,5469,10946,2
72,5538,159,10946,10946,11105,5408,5567,11105,2
73,5606,145,11105,11105,11250,5499,5644,11250,2
74,5691,147,11250,11250,11397,5559,5706,11397,2
75,5737,168,11397,11397,11565,5660,5828,11565,2
76,5815,168,11565,11565,11733,5750,5918,11733,2
77,5879,132,11733,11733,11865,5854,5986,11865,2
78,5936,165,11865,11865,12030,5929,6094,12030,2
79,6035,164,12030,12030,12194,5995,6159,12194,2
80,6115,176,12194,12194,12370,6079,6255,12370,2
81,6173,159,12370,12370,12529,6197,6356,12529,2
82,6265,141,12529,12529,12670,6264,6405,12670,2
83,6300,178,12670,12670,12848,6370,6548,12848,2
84,6372,120,12848,12848,12968,6476,6596,12968,2
85,6458,164,12968,12968,13132,6510,6674,13132,2
86,6520,127,13132,13132,13259,6612,6739,13259,2
87,6591,187,13259,13259,13446,6668,6855,13446,2
88,6671,149,13446,13446,13595,6775,6924,13595,2
89,6751,120,13595,13595,13715,6844,6964,13715,2
90,6804,135,13715,13715,13850,6911,7046,13850,2
91,6891,109,13850,13850,13959,6959,7068,13959,2
92,6969,145,13959,13959,14104,6990,7135,14104,2
93,7035,159,14104,14104,14263,7069,7228,14263,2
94,7106,122,14263,14263,14385,7157,7279,14385,2
95,7146,172,14385,14385,14557,7239,7411,14557,2
96,7232,142,14557,14557,14699,7325,7467,14699,2
97,7301,141,14699,14699,14840,7398,7539,14840,2
98,7425,157,14840,14840,14997,7415,7572,14997,2
99,7519,168,14997,14997,15165,7478,7646,15165,2
100,7585,158,15165,15165,15323,7580,7738,15323,2
101,7679,117,15323,15323,15440,7644,7761,15440,2
102,7774,146,15440,15440,15586,7666,7812,15586,2
103,7882,153,15586,15586,15739,7704,7857,15739,2
104,7903,167,15739,15739,15906,7836,8003,15906,2
105,7993,114,15906,15906,16020,7913,8027,16020,2
106,8077,152,16020,16020,16172,7943,8095,16172,2
107,8142,128,16172,16172,16300,8030,8158,16300,2
108,8248,136,16300,16300,16436,8052,8188,16436,2
109,8329,166,16436,16436,16602,8107,8273,16602,2
110,8367,111,16602,16602,16713,8235,8346,16713,2
111,8441,134,16713,16713,16847,8272,8406,16847,2
112,8523,161,16847,16847,17008,8324,8485,17008,2
113,8598,145,17008,17008,17153,8410,8555,17153,2
114,8655,164,17153,17153,17317,8498,8662,17317,2
115,8735,124,17317,17317,17441,8582,8706,17441,2
116,8789,147,17441,17441,17588,8652,8799,17588,2
117,8879,172,17588,17588,17760,8709,8881,17760,2
118,8939,127,17760,17760,17887,8821,8948,17887,2
119,9001,168,17887,17887,18055,8886,9054,18055,2
120,9079,164,18055,18055,18219,8976,9140,18219,2
121,9153,169,18219,18219,18388,9066,9235,18388,2
122,9232,114,18388,18388,18502,9156,9270,18502,2
123,9315,173,18502,18502,18675,9187,9360,18675,2
124,9436,151,18675,18675,18826,9239,9390,18826,2
125,9541,115,18826,18826,18941,9285,9400,18941,2
126,9623,139,18941,18941,19080,9318,9457,19080,2
127,9694,143,19080,19080,19223,9386,9529,19223,2
128,9749,152,19223,19223,19375,9474,9626,19375,2
129,9846,157,19375,19375,19532,9529,9686,19532,2
130,9957,137,19532,19532,19669,9575,9712,19669,2
131,10043,120,19669,19669,19789,9626,9746,19789,2
132,10101,152,19789,19789,19941,9688,9840,19941,2
133,10114,182,19941,19941,20123,9827,10009,20123,2
134,10161,141,20123,20123,20264,9962,10103,20264,2
135,10224,147,20264,20264,20411,10040,10187,20411,2
136,10274,136,20411,20411,20547,10137,10273,20547,2
137,10358,141,20547,20547,20688,10189,10330,20688,2
138,10428,143,20688,20688,20831,10260,10403,20831,2
139,10486,123,20831,20831,20954,10345,10468,20954,2
140,10543,148,20954,20954,21102,10411,10559,21102,2
141,10651,158,21102,21102,21260,10451,10609,21260,2
142,10733,157,21260,21260,21417,10527,10684,21417,2
143,10775,155,21417,21417,21572,10642,10797,21572,2
144,10866,119,21572,21572,21691,10706,10825,21691,2
145,10939,129,21691,21691,21820,10752,10881,21820,2
146,11016,101,21820,21820,21921,10804,10905,21921,2
147,11094,189,21921,21921,22110,10827,11016,22110,2
148,11157,159,22110,22110,22269,10953,11112,22269,2
149,11257,173,22269,22269,22442,11012,11185,22442,2
150,11338,130,22442,22442,22572,11104,11234,22572,2
151,11426,173,22572,22572,22745,11146,11319,22745,2
152,11487,134,22745,22745,22879,11258,11392,22879,2
153,11550,170,22879,22879,23049,11329,11499,23049,2
154,11599,144,23049,23049,23193,11450,11594,23193,2
155,11630,171,23193,23193,23364,11563,11734,23364,2
156,11677,147,23364,23364,23511,11687,11834,23511,2
157,11762,140,23511,23511,23651,11749,11889,23651,2
158,11844,119,23651,23651,23770,11807,11926,23770,2
159,11933,122,23770,23770,23892,11837,11959,23892,2
160,12009,128,23892,23892,24020,11883,12011,24020,2
161,12088,137,24020,24020,24157,11932,12069,24157,2
162,12158,145,24157,24157,24302,11999,12144,24302,2
163,12234,117,24302,24302,24419,12068,12185,24419,2
164,12300,152,24419,24419,24571,12119,12271,24571,2
165,12403,165,24571,24571,24736,12168,12333,24736,2
166,12464,189,24736,24736,24925,12272,12461,24925,2
167,12528,136,24925,24925,25061,12397,12533,25061,2
168,12624,152,25061,25061,25213,12437,12589,25213,2
169,12726,124,25213,25213,25337,12487,12611,25337,2
170,12794,150,25337,25337,25487,12543,12693,25487,2
171,12850,180,25487,25487,25667,12637,12817,25667,2
172,12911,127,25667,25667,25794,12756,12883,25794,2
173,12990,156,25794,25794,25950,12804,12960,25950,2
174,13068,176,25950,25950,26126,12882,13058,26126,2
175,13125,164,26126,26126,26290,13001,13165,26290,2
176,13185,169,26290,26290,26459,13105,13274,26459,2
177,13268,139,26459,26459,26598,13191,13330,26598,2
178,13335,170,26598,26598,26768,13263,13433,26768,2
179,13428,172,26768,26768,26940,13340,13512,26940,2
180,13516,133,26940,26940,27073,13424,13557,27073,2
181,13587,136,27073,27073,27209,13486,13622,27209,2
182,13681,160,27209,27209,27369,13528,13688,27369,2
183,13753,127,27369,27369,27496,13616,13743,27496,2
184,13832,184,27496,27496,27680,13664,13848,27680,2
185,13911,139,27680,27680,27819,13769,13908,27819,2
186,13985,171,27819,27819,27990,13834,14005,27990,2
187,14067,129,27990,27990,28119,13923,14052,28119,2
188,14151,136,28119,28119,28255,13968,14104,28255,2
189,14245,137,28255,28255,28392,14010,14147,28392,2
190,14350,173,28392,28392,28565,14042,14215,28565,2
191,14421,143,28565,28565,28708,14144,14287,28708,2
192,14491,165,28708,28708,28873,14217,14382,28873,2
193,14556,124,28873,28873,28997,14317,14441,28997,2
194,14586,161,28997,28997,29158,14411,14572,29158,2
195,14658,163,29158,29158,29321,14500,14663,29321,2
196,14727,150,29321,29321,29471,14594,14744,29471,2
197,14776,144,29471,29471,29615,14695,14839,29615,2
198,14830,200,29615,29615,29815,14785,14985,29815,2
199,14860,152,29815,29815,29967,14955,15107,29967,2
200,14941,149,29967,29967,30116,15026,15175,30116,2
201,14990,160,30116,30116,30276,15126,15286,30276,2
202,15086,126,30276,30276,30402,15190,15316,30402,2
203,15171,165,30402,30402,30567,15231,15396,30567,2
204,15242,122,30567,30567,30689,15325,15447,30689,2
205,15351,174,30689,30689,30863,15338,15512,30863,2
206,15450,129,30863,30863,30992,15413,15542,30992,2
207,15530,181,30992,30992,31173,15462,15643,31173,2
208,15580,137,31173,31173,31310,15593,15730,31310,2
209,15625,155,31310,31310,31465,15685,15840,31465,2
210,15669,165,31465,31465,31630,15796,15961,31630,2
211,15746,153,31630,31630,31783,15884,16037,31783,2
212,15804,140,31783,31783,31923,15979,16119,31923,2
213,15867,110,31923,31923,32033,16056,16166,32033,2
214,15942,158,32033,32033,32191,16091,16249,32191,2
215,16023,171,32191,32191,32362,16168,16339,32362,2
216,16125,126,32362,32362,32488,16237,16363,32488,2
217,16170,178,32488,32488,32666,16318,16496,32666,2
218,16247,163,32666,32666,32829,16419,16582,32829,2
219,16323,193,32829,32829,33022,16506,16699,33022,2
220,16379,179,33022,33022,33201,16643,16822,33201,2
221,16445,133,33201,33201,33334,16756,16889,33334,2
222,16518,142,33334,33334,33476,16816,16958,33476,2
223,16566,150,33476,33476,33626,16910,17060,33626,2
224,16587,153,33626,33626,33779,17039,17192,33779,2
225,16642,182,33779,33779,33961,17137,17319,33961,2
226,16730,134,33961,33961,34095,17231,17365,34095,2
227,16777,132,34095,34095,34227,17318,17450,34227,2
228,16844,125,34227,34227,34352,17383,17508,34352,2
229,16902,126,34352,34352,34478,17450,17576,34478,2
230,16944,116,34478,34478,34594,17534,17650,34594,2
231,17041,158,34594,34594,34752,17553,17711,34752,2
232,17134,154,34752,34752,34906,17618,17772,34906,2
233,17247,118,34906,34906,35024,17659,17777,35024,2
234,17314,153,35024,35024,35177,17710,17863,35177,2
235,17402,143,35177,35177,35320,17775,17918,35320,2
236,17508,150,35320,35320,35470,17812,17962,35470,2
237,17581,125,35470,35470,35595,17889,18014,35595,2
238,17628,153,35595,35595,35748,17967,18120,35748,2
239,17714,150,35748,35748,35898,18034,18184,35898,2
240,17808,145,35898,35898,36043,18090,18235,36043,2
241,17874,144,36043,36043,36187,18169,18313,36187,2
242,17944,170,36187,36187,36357,18243,18413,36357,2
243,18057,159,36357,36357,36516,18300,18459,36516,2
244,18128,173,36516,36516,36689,18388,18561,36689,2
245,18264,116,36689,36689,36805,18425,18541,36805,2
246,18338,186,36805,36805,36991,18467,18653,36991,2
247,18422,158,36991,36991,37149,18569,18727,37149,2
248,18474,183,37149,37149,37332,18675,18858,37332,2
249,18550,152,37332,37332,37484,18782,18934,37484,2
250,18641,170,37484,37484,37654,18843,19013,37654,2
251,18718,189,37654,37654,37843,18936,19125,37843,2
252,18790,127,37843,37843,37970,19053,19180,37970,2
253,18867,149,37970,37970,38119,19103,19252,38119,2
254,18946,136,38119,38119,38255,19173,19309,38255,2
255,19022,169,38255,38255,38424,19233,19402,38424,2
256,19041,112,38424,38424,38536,19383,19495,38536,2
257,19123,129,38536,38536,38665,19413,19542,38665,2
258,19200,139,38665,38665,38804,19465,19604,38804,2
259,19275,142,38804,38804,38946,19529,19671,38946,2
260,19365,162,38946,38946,39108,19581,19743,39108,2
261,19470,145,39108,39108,39253,19638,19783,39253,2
262,19568,216,39253,39253,39469,19685,19901,39469,2
263,19627,156,39469,39469,39625,19842,19998,39625,2
264,19681,155,39625,39625,39780,19944,20099,39780,2
265,19794,148,39780,39780,39928,19986,20134,39928,2
266,19875,131,39928,39928,40059,20053,20184,40059,2
267,19927,161,40059,40059,40220,20132,20293,40220,2
268,20044,134,40220,40220,40354,20176,20310,40354,2
269,20105,134,40354,40354,40488,20249,20383,40488,2
270,20170,152,40488,40488,40640,20318,20470,40640,2
271,20233,167,40640,40640,40807,20407,20574,40807,2
272,20312,154,40807,40807,40961,20495,20649,40961,2
273,20395,176,40961,40961,41137,20566,20742,41137,2
274,20443,143,41137,41137,41280,20694,20837,41280,2
275,20553,169,41280,41280,41449,20727,20896,41449,2
276,20625,164,41449,41449,41613,20824,20988,41613,2
277,20732,167,41613,41613,41780,20881,21048,41780,2
278,20824,184,41780,41780,41964,20956,21140,41964,2
279,20845,131,41964,41964,42095,21119,21250,42095,2
280,20919,186,42095,42095,42281,21176,21362,42281,2
281,21000,155,42281,42281,42436,21281,21436,42436,2
282,21065,167,42436,42436,42603,21371,21538,42603,2
283,21156,148,42603,42603,42751,21447,21595,42751,2
284,21246,167,42751,42751,42918,21505,21672,42918,2
285,21305,151,42918,42918,43069,21613,21764,43069,2
286,21377,158,43069,43069,43227,21692,21850,43227,2
287,21475,153,43227,43227,43380,21752,21905,43380,2
288,21546,143,43380,43380,43523,21834,21977,43523,2
289,21627,149,43523,43523,43672,21896,22045,43672,2
290,21730,171,43672,43672,43843,21942,22113,43843,2
291,21779,137,43843,43843,43980,22064,22201,43980,2
292,21828,146,43980,43980,44126,22152,22298,44126,2
293,21876,140,44126,44126,44266,22250,22390,44266,2
294,21922,129,44266,44266,44395,22344,22473,44395,2
295,21994,182,44395,44395,44577,22401,22583,44577,2
296,22062,153,44577,44577,44730,22515,22668,44730,2
297,22108,122,44730,44730,44852,22622,22744,44852,2
298,22192,136,44852,44852,44988,22660,22796,44988,2
299,22270,159,44988,44988,45147,22718,22877,45147,2
300,22353,139,45147,45147,45286,22794,22933,45286,2
301,22396,128,45286,45286,45414,22890,23018,45414,2
302,22498,161,45414,45414,45575,22916,23077,45575,2
303,22538,129,45575,45575,45704,23037,23166,45704,2
304,22580,144,45704,45704,45848,23124,23268,45848,2
305,22653,124,45848,45848,45972,23195,23319,45972,2
306,22725,159,45972,45972,46131,23247,23406,46131,2
307,22793,154,46131,46131,46285,23338,23492,46285,2
308,22856,138,46285,46285,46423,23429,23567,46423,2
309,22933,168,46423,46423,46591,23490,23658,46591,2
310,23023,162,46591,46591,46753,23568,23730,46753,2
311,23103,117,46753,46753,46870,23650,23767,46870,2
312,23188,168,46870,46870,47038,23682,23850,47038,2
313,23274,115,47038,47038,47153,23764,23879,47153,2
314,23376,154,47153,47153,47307,23777,23931,47307,2
315,23456,167,47307,47307,47474,23851,24018,47474,2
316,23511,181,47474,47474,47655,23963,24144,47655,2
317,23588,128,47655,47655,47783,24067,24195,47783,2
318,23642,164,47783,47783,47947,24141,24305,47947,2
319,23707,141,47947,47947,48088,24240,24381,48088,2
320,23781,132,48088,48088,48220,24307,24439,48220,2
321,23840,138,48220,48220,48358,24380,24518,48358,2
322,23878,148,48358,48358,48506,24480,24628,48506,2
323,23933,113,48506,48506,48619,24573,24686,48619,2
324,24022,182,48619,48619,48801,24597,24779,48801,2
325,24078,153,48801,48801,48954,24723,24876,48954,2
326,24148,143,48954,48954,49097,24806,24949,49097,2
327,24246,139,49097,49097,49236,24851,24990,49236,2
328,24309,177,49236,49236,49413,24927,25104,49413,2
329,24373,120,49413,49413,49533,25040,25160,49533,2
330,24445,129,49533,49533,49662,25088,25217,49662,2
331,24523,148,49662,49662,49810,25139,25287,49810,2
332,24562,149,49810,49810,49959,25248,25397,49959,2
333,24640,149,49959,49959,50108,25319,25468,50108,2
334,24687,172,50108,50108,50280,25421,25593,50280,2
335,24737,141,50280,50280,50421,25543,25684,50421,2
336,24790,157,50421,50421,50578,25631,25788,50578,2
337,24890,139,50578,50578,50717,25688,25827,50717,2
338,24973,135,50717,50717,50852,25744,25879,50852,2
339,25078,141,50852,50852,50993,25774,25915,50993,2
340,25130,180,50993,50993,51173,25863,26043,51173,2
341,25184,171,51173,51173,51344,25989,26160,51344,2
342,25261,163,51344,51344,51507,26083,26246,51507,2
343,25329,153,51507,51507,51660,26178,26331,51660,2
344,25394,98,51660,51660,51758,26266,26364,51758,2
345,25427,180,51758,51758,51938,26331,26511,51938,2
346,25500,152,51938,51938,52090,26438,26590,52090,2
347,25569,130,52090,52090,52220,26521,26651,52220,2
348,25620,137,52220,52220,52357,26600,26737,52357,2
349,25677,168,52357,52357,52525,26680,26848,52525,2
350,25774,120,52525,52525,52645,26751,26871,52645,2
351,25857,170,52645,52645,52815,26788,26958,52815,2
352,25926,151,52815,52815,52966,26889,27040,52966,2
353,26007,117,52966,52966,53083,26959,27076,53083,2
354,26057,134,53083,53083,53217,27026,27160,53217,2
355,26137,138,53217,53217,53355,27080,27218,53355,2
356,26210,153,53355,53355,53508,27145,27298,53508,2
357,26293,152,53508,53508,53660,27215,27367,53660,2
358,26325,135,53660,53660,53795,27335,27470,53795,2
359,26358,126,53795,53795,53921,27437,27563,53921,2
360,26424,151,53921,53921,54072,27497,27648,54072,2
361,26500,119,54072,54072,54191,27572,27691,54191,2
362,26570,134,54191,54191,54325,27621,27755,54325,2
363,26642,139,54325,54325,54464,27683,27822,54464,2
364,26736,143,54464,54464,54607,27728,27871,54607,2
365,26813,135,54607,54607,54742,27794,27929,54742,2
366,26890,167,54742,54742,54909,27852,28019,54909,2
367,26957,173,54909,54909,55082,27952,28125,55082,2
368,27028,133,55082,55082,55215,28054,28187,55215,2
369,27112,123,55215,55215,55338,28103,28226,55338,2
370,27166,163,55338,55338,55501,28172,28335,55501,2
371,27269,146,55501,55501,55647,28232,28378,55647,2
372,27339,129,55647,55647,55776,28308,28437,55776,2
373,27410,121,55776,55776,55897,28366,28487,55897,2
374,27505,153,55897,55897,56050,28392,28545,56050,2
375,27608,142,56050,56050,56192,28442,28584,56192,2
376,27666,181,56192,56192,56373,28526,28707,56373,2
377,27751,126,56373,56373,56499,28622,28748,56499,2
378,27859,156,56499,56499,56655,28640,28796,56655,2
379,27925,138,56655,56655,56793,28730,28868,56793,2
380,28015,147,56793,56793,56940,28778,28925,56940,2
381,28074,153,56940,56940,57093,28866,29019,57093,2
382,28155,166,57093,57093,57259,28938,29104,57259,2
383,28230,132,57259,57259,57391,29029,29161,57391,2
384,28340,168,57391,57391,57559,29051,29219,57559,2
385,28401,161,57559,57559,57720,29158,29319,57720,2
386,28466,119,57720,57720,57839,29254,29373,57839,2
387,28530,124,57839,57839,57963,29309,29433,57963,2
388,28612,151,57963,57963,58114,29351,29502,58114,2
389,28697,119,58114,58114,58233,29417,29536,58233,2
390,28749,167,58233,58233,58400,29484,29651,58400,2
391,28828,159,58400,58400,58559,29572,29731,58559,2
392,28877,160,58559,58559,58719,29682,29842,58719,2
393,28946,150,58719,58719,58869,29773,29923,58869,2
394,29018,143,58869,58869,59012,29851,29994,59012,2
395,29092,137,59012,59012,59149,29920,30057,59149,2
396,29189,169,59149,59149,59318,29960,30129,59318,2
397,29274,151,59318,59318,59469,30044,30195,59469,2
398,29368,115,59469,59469,59584,30101,30216,59584,2
399,29428,151,59584,59584,59735,30156,30307,59735,2
400,29463,152,59735,59735,59887,30272,30424,59887,2
401,29541,151,59887,59887,60038,30346,30497,60038,2
402,29634,124,60038,60038,60162,30404,30528,60162,2
403,29733,148,60162,60162,60310,30429,30577,60310,2
404,29803,139,60310,60310,60449,30507,30646,60449,2
405,29847,122,60449,60449,60571,30602,30724,60571,2
406,29947,123,60571,60571,60694,30624,30747,60694,2
407,30026,129,60694,60694,60823,30668,30797,60823,2
408,30105,175,60823,60823,60998,30718,30893,60998,2
409,30186,152,60998,60998,61150,30812,30964,61150,2
410,30259,171,61150,61150,61321,30891,31062,61321,2
411,30354,144,61321,61321,61465,30967,31111,61465,2
412,30437,119,61465,61465,61584,31028,31147,61584,2
413,30530,140,61584,61584,61724,31054,31194,61724,2
414,30612,126,61724,61724,61850,31112,31238,61850,2
415,30704,140,61850,61850,61990,31146,31286,61990,2
416,30798,121,61990,61990,62111,31192,31313,62111,2
417,30853,152,62111,62111,62263,31258,31410,62263,2
418,30933,177,62263,62263,62440,31330,31507,62440,2
419,30985,161,62440,62440,62601,31455,31616,62601,2
420,31069,144,62601,62601,62745,31532,31676,62745,2
421,31143,134,62745,62745,62879,31602,31736,62879,2
422,31202,161,62879,62879,63040,31677,31838,63040,2
423,31288,131,63040,63040,63171,31752,31883,63171,2
424,31352,123,63171,63171,63294,31819,31942,63294,2
425,31412,132,63294,63294,63426,31882,32014,63426,2
426,31467,140,63426,63426,63566,31959,32099,63566,2
427,31537,153,63566,63566,63719,32029,32182,63719,2
428,31638,181,63719,63719,63900,32081,32262,63900,2
429,31722,124,63900,63900,64024,32178,32302,64024,2
430,31812,153,64024,64024,64177,32212,32365,64177,2
431,31894,186,64177,64177,64363,32283,32469,64363,2
432,31969,154,64363,64363,64517,32394,32548,64517,2
433,32045,154,64517,64517,64671,32472,32626,64671,2
434,32080,165,64671,64671,64836,32591,32756,64836,2
435,32122,143,64836,64836,64979,32714,32857,64979,2
436,32183,121,64979,64979,65100,32796,32917,65100,2
437,32224,145,65100,65100,65245,32876,33021,65245,2
438,32299,174,65245,65245,65419,32946,33120,65419,2
439,32358,160,65419,65419,65579,33061,33221,65579,2
440,32414,135,65579,65579,65714,33165,33300,65714,2
441,32471,152,65714,65714,65866,33243,33395,65866,2
442,32547,165,65866,65866,66031,33319,33484,66031,2
443,32623,170,66031,66031,66201,33408,33578,66201,2
444,32744,144,66201,66201,66345,33457,33601,66345,2
445,32814,174,66345,66345,66519,33531,33705,66519,2
446,32859,160,66519,66519,66679,33660,33820,66679,2
447,32917,165,66679,66679,66844,33762,33927,66844,2
448,32973,172,66844,66844,67016,33871,34043,67016,2
449,33094,139,67016,67016,67155,33922,34061,67155,2
450,33174,136,67155,67155,67291,33981,34117,67291,2
451,33223,113,67291,67291,67404,34068,34181,67404,2
452,33302,153,67404,67404,67557,34102,34255,67557,2
453,33346,154,67557,67557,67711,34211,34365,67711,2
454,33414,168,67711,67711,67879,34297,34465,67879,2
455,33515,137,67879,67879,68016,34364,34501,68016,2
456,33575,154,68016,68016,68170,34441,34595,68170,2
457,33622,147,68170,68170,68317,34548,34695,68317,2
458,33732,127,68317,68317,68444,34585,34712,68444,2
459,33819,140,68444,68444,68584,34625,34765,68584,2
460,33921,155,68584,68584,68739,34663,34818,68739,2
461,34008,139,68739,68739,68878,34731,34870,68878,2
462,34084,157,68878,68878,69035,34794,34951,69035,2
463,34137,176,69035,69035,69211,34898,35074,69211,2
464,34193,132,69211,69211,69343,35018,35150,69343,2
465,34256,135,69343,69343,69478,35087,35222,69478,2
466,34289,130,69478,69478,69608,35189,35319,69608,2
467,34377,146,69608,69608,69754,35231,35377,69754,2
468,34468,173,69754,69754,69927,35286,35459,69927,2
469,34540,195,69927,69927,70122,35387,35582,70122,2
470,34620,176,70122,70122,70298,35502,35678,70298,2
471,34692,159,70298,70298,70457,35606,35765,70457,2
472,34754,142,70457,70457,70599,35703,35845,70599,2
473,34841,170,70599,70599,70769,35758,35928,70769,2
474,34878,164,70769,70769,70933,35891,36055,70933,2
475,34950,142,70933,70933,71075,35983,36125,71075,2
476,35032,160,71075,71075,71235,36043,36203,71235,2
477,35111,161,71235,71235,71396,36124,36285,71396,2
478,35230,131,71396,71396,71527,36166,36297,71527,2
479,35269,154,71527,71527,71681,36258,36412,71681,2
480,35271,178,71681,71681,71859,36410,36588,71859,2
481,35345,155,71859,71859,72014,36514,36669,72014,2
482,35423,128,72014,72014,72142,36591,36719,72142,2
483,35523,171,72142,72142,72313,36619,36790,72313,2
484,35593,177,72313,72313,72490,36720,36897,72490,2
485,35629,154,72490,72490,72644,36861,37015,72644,2
486,35692,177,72644,72644,72821,36952,37129,72821,2
487,35717,120,72821,72821,72941,37104,37224,72941,2
488,35791,134,72941,72941,73075,37150,37284,73075,2
489,35866,188,73075,73075,73263,37209,37397,73263,2
490,35929,135,73263,73263,73398,37334,37469,73398,2
491,36021,118,73398,73398,73516,37377,37495,73516,2
492,36118,86,73516,73516,73602,37398,37484,73602,2
493,36238,190,73602,73602,73792,37364,37554,73792,2
494,36346,144,73792,73792,73936,37446,37590,73936,2
495,36400,151,73936,73936,74087,37536,37687,74087,2
496,36467,197,74087,74087,74284,37620,37817,74284,2
497,36533,153,74284,74284,74437,37751,37904,74437,2
498,36617,160,74437,74437,74597,37820,37980,74597,2
499,36711,169,74597,74597,74766,37886,38055,74766,2
500,36737,156,74766,74766,74922,38029,38185,74922,2
501,36803,142,74922,74922,75064,38119,38261,75064,2
502,36889,115,75064,75064,75179,38175,38290,75179,2
503,36950,140,75179,75179,75319,38229,38369,75319,2
504,37031,168,75319,75319,75487,38288,38456,75487,2
505,37104,139,75487,75487,75626,38383,38522,75626,2
506,37209,115,75626,75626,75741,38417,38532,75741,2
507,37279,158,75741,75741,75899,38462,38620,75899,2
508,37364,139,75899,75899,76038,38535,38674,76038,2
509,37448,136,76038,76038,76174,38590,38726,76174,2
510,37515,177,76174,76174,76351,38659,38836,76351,2
511,37568,124,76351,76351,76475,38783,38907,76475,2
512,37640,123,76475,76475,76598,38835,38958,76598,2
513,37732,166,76598,76598,76764,38866,39032,76764,2
514,37821,123,76764,76764,76887,38943,39066,76887,2
515,37914,131,76887,76887,77018,38973,39104,77018,2
516,37962,142,77018,77018,77160,39056,39198,77160,2
517,37998,149,77160,77160,77309,39162,39311,77309,2
518,38045,148,77309,77309,77457,39264,39412,77457,2
519,38146,111,77457,77457,77568,39311,39422,77568,2
520,38214,156,77568,77568,77724,39354,39510,77724,2
521,38264,132,77724,77724,77856,39460,39592,77856,2
522,38363,124,77856,77856,77980,39493,39617,77980,2
523,38418,169,77980,77980,78149,39562,39731,78149,2
524,38478,147,78149,78149,78296,39671,39818,78296,2
525,38584,127,78296,78296,78423,39712,39839,78423,2
526,38639,144,78423,78423,78567,39784,39928,78567,2
527,38737,168,78567,78567,78735,39830,39998,78735,2
528,38816,158,78735,78735,78893,39919,40077,78893,2
529,38923,165,78893,78893,79058,39970,40135,79058,2
530,38997,143,79058,79058,79201,40061,40204,79201,2
531,39058,147,79201,79201,79348,40143,40290,79348,2
532,39127,149,79348,79348,79497,40221,40370,79497,2
533,39200,148,79497,79497,79645,40297,40445,79645,2
534,39264,132,79645,79645,79777,40381,40513,79777,2
535,39324,172,79777,79777,79949,40453,40625,79949,2
536,39372,126,79949,79949,80075,40577,40703,80075,2
537,39464,159,80075,80075,80234,40611,40770,80234,2
538,39508,149,80234,80234,80383,40726,40875,80383,2
539,39602,151,80383,80383,80534,40781,40932,80534,2
540,39697,137,80534,80534,80671,40837,40974,80671,2
541,39796,139,80671,80671,80810,40875,41014,80810,2
542,39872,144,80810,80810,80954,40938,41082,80954,2
543,39911,149,80954,80954,81103,41043,41192,81103,2
544,39954,165,81103,81103,81268,41149,41314,81268,2
545,40021,134,81268,81268,81402,41247,41381,81402,2
546,40127,137,81402,81402,81539,41275,41412,81539,2
547,40218,131,81539,81539,81670,41321,41452,81670,2
548,40269,105,81670,81670,81775,41401,41506,81775,2
549,40322,148,81775,81775,81923,41453,41601,81923,2
550,40387,188,81923,81923,82111,41536,41724,82111,2
551,40463,173,82111,82111,82284,41648,41821,82284,2
552,40541,128,82284,82284,82412,41743,41871,82412,2
553,40610,178,82412,82412,82590,41802,41980,82590,2
554,40666,129,82590,82590,82719,41924,42053,82719,2
555,40715,174,82719,82719,82893,42004,42178,82893,2
556,40757,154,82893,82893,83047,42136,42290,83047,2
557,40832,161,83047,83047,83208,42215,42376,83208,2
558,40896,158,83208,83208,83366,42312,42470,83366,2
559,40963,114,83366,83366,83480,42403,42517,83480,2
560,41021,170,83480,83480,83650,42459,42629,83650,2
561,41103,158,83650,83650,83808,42547,42705,83808,2
562,41160,99,83808,83808,83907,42648,42747,83907,2
563,41216,150,83907,83907,84057,42691,42841,84057,2
564,41318,158,84057,84057,84215,42739,42897,84215,2
565,41388,136,84215,84215,84351,42827,42963,84351,2
566,41420,122,84351,84351,84473,42931,43053,84473,2
567,41477,157,84473,84473,84630,42996,43153,84630,2
568,41590,138,84630,84630,84768,43040,43178,84768,2
569,41656,158,84768,84768,84926,43112,43270,84926,2
570,41732,167,84926,84926,85093,43194,43361,85093,2
571,41812,169,85093,85093,85262,43281,43450,85262,2
572,41888,160,85262,85262,85422,43374,43534,85422,2
573,41972,161,85422,85422,85583,43450,43611,85583,2
574,42006,162,85583,85583,85745,43577,43739,85745,2
575,42078,180,85745,85745,85925,43667,43847,85925,2
576,42148,129,85925,85925,86054,43777,43906,86054,2
577,42228,123,86054,86054,86177,43826,43949,86177,2
578,42332,157,86177,86177,86334,43845,44002,86334,2
579,42422,136,86334,86334,86470,43912,44048,86470,2
580,42466,149,86470,86470,86619,44004,44153,86619,2
581,42535,133,86619,86619,86752,44084,44217,86752,2
582,42585,174,86752,86752,86926,44167,44341,86926,2
583,42664,177,86926,86926,87103,44262,44439,87103,2
584,42760,137,87103,87103,87240,44343,44480,87240,2
585,42846,111,87240,87240,87351,44394,44505,87351,2
586,42915,159,87351,87351,87510,44436,44595,87510,2
587,42977,146,87510,87510,87656,44533,44679,87656,2
588,43052,177,87656,87656,87833,44604,44781,87833,2
589,43159,142,87833,87833,87975,44674,44816,87975,2
590,43214,134,87975,87975,88109,44761,44895,88109,2
591,43313,170,88109,88109,88279,44796,44966,88279,2
592,43373,186,88279,88279,88465,44906,45092,88465,2
593,43457,183,88465,88465,88648,45008,45191,88648,2
594,43513,171,88648,88648,88819,45135,45306,88819,2
595,43578,136,88819,88819,88955,45241,45377,88955,2
596,43619,123,88955,88955,89078,45336,45459,89078,2
597,43677,128,89078,89078,89206,45401,45529,89206,2
598,43766,163,89206,89206,89369,45440,45603,89369,2
599,43805,177,89369,89369,89546,45564,45741,89546,2
600,43918,134,89546,89546,89680,45628,45762,89680,2
601,44000,171,89680,89680,89851,45680,45851,89851,2
602,44055,132,89851,89851,89983,45796,45928,89983,2
603,44142,168,89983,89983,90151,45841,46009,90151,2
604,44198,158,90151,90151,90309,45953,46111,90309,2
605,44264,148,90309,90309,90457,46045,46193,90457,2
606,44343,157,90457,90457,90614,46114,46271,90614,2
607,44395,170,90614,90614,90784,46219,46389,90784,2
608,44473,143,90784,90784,90927,46311,46454,90927,2
609,44522,158,90927,90927,91085,46405,46563,91085,2
610,44598,161,91085,91085,91246,46487,46648,91246,2
611,44664,113,91246,91246,91359,46582,46695,91359,2
612,44765,130,91359,91359,91489,46594,46724,91489,2
613,44814,155,91489,91489,91644,46675,46830,91644,2
614,44861,106,91644,91644,91750,46783,46889,91750,2
615,44947,135,91750,91750,91885,46803,46938,91885,2
616,45036,144,91885,91885,92029,46849,46993,92029,2
617,45121,141,92029,92029,92170,46908,47049,92170,2
618,45245,148,92170,92170,92318,46925,47073,92318,2
619,45311,133,92318,92318,92451,47007,47140,92451,2
620,45396,149,92451,92451,92600,47055,47204,92600,2
621,45491,132,92600,92600,92732,47109,47241,92732,2
622,45575,141,92732,92732,92873,47157,47298,92873,2
623,45659,139,92873,92873,93012,47214,47353,93012,2
624,45749,148,93012,93012,93160,47263,47411,93160,2
625,45823,156,93160,93160,93316,47337,47493,93316,2
626,45913,172,93316,93316,93488,47403,47575,93488,2
627,45964,114,93488,93488,93602,47524,47638,93602,2
628,46038,147,93602,93602,93749,47564,47711,93749,2
629,46123,127,93749,93749,93876,47626,47753,93876,2
630,46201,141,93876,93876,94017,47675,47816,94017,2
631,46256,140,94017,94017,94157,47761,47901,94157,2
632,46314,145,94157,94157,94302,47843,47988,94302,2
633,46412,169,94302,94302,94471,47890,48059,94471,2
634,46506,128,94471,94471,94599,47965,48093,94599,2
635,46579,147,94599,94599,94746,48020,48167,94746,2
636,46653,138,94746,94746,94884,48093,48231,94884,2
637,46721,133,94884,94884,95017,48163,48296,95017,2
638,46833,145,95017,95017,95162,48184,48329,95162,2
639,46920,170,95162,95162,95332,48242,48412,95332,2
640,47036,172,95332,95332,95504,48296,48468,95504,2
641,47116,176,95504,95504,95680,48388,48564,95680,2
642,47179,165,95680,95680,95845,48501,48666,95845,2
643,47233,157,95845,95845,96002,48612,48769,96002,2
644,47325,165,96002,96002,96167,48677,48842,96167,2
645,47402,157,96167,96167,96324,48765,48922,96324,2
646,47497,155,96324,96324,96479,48827,48982,96479,2
647,47536,132,96479,96479,96611,48943,49075,96611,2
648,47606,146,96611,96611,96757,49005,49151,96757,2
649,47683,145,96757,96757,96902,49074,49219,96902,2
650,47795,160,96902,96902,97062,49107,49267,97062,2
651,47868,112,97062,97062,97174,49194,49306,97174,2
652,47952,145,97174,97174,97319,49222,49367,97319,2
653,47980,146,97319,97319,97465,49339,49485,97465,2
654,48046,170,97465,97465,97635,49419,49589,97635,2
655,48099,169,97635,97635,97804,49536,49705,97804,2
656,48131,162,97804,97804,97966,49673,49835,97966,2
657,48212,154,97966,97966,98120,49754,49908,98120,2
658,48283,155,98120,98120,98275,49837,49992,98275,2
659,48382,165,98275,98275,98440,49893,50058,98440,2
660,48445,157,98440,98440,98597,49995,50152,98597,2
661,48490,130,98597,98597,98727,50107,50237,98727,2
662,48563,131,98727,98727,98858,50164,50295,98858,2
663,48685,150,98858,98858,99008,50173,50323,99008,2
664,48766,130,99008,99008,99138,50242,50372,99138,2
665,48796,150,99138,99138,99288,50342,50492,99288,2
666,48864,154,99288,99288,99442,50424,50578,99442,2
667,48964,116,99442,99442,99558,50478,50594,99558,2
668,49066,131,99558,99558,99689,50492,50623,99689,2
669,49132,136,99689,99689,99825,50557,50693,99825,2
670,49200,169,99825,99825,99994,50625,50794,99994,2
671,49275,149,99994,99994,100143,50719,50868,100143,2
672,49330,144,100143,100143,100287,50813,50957,100287,2
673,49426,137,100287,100287,100424,50861,50998,100424,2
674,49529,140,100424,100424,100564,50895,51035,100564,2
675,49631,162,100564,100564,100726,50933,51095,100726,2
676,49736,160,100726,100726,100886,50990,51150,100886,2
677,49807,140,100886,100886,101026,51079,51219,101026,2
678,49895,130,101026,101026,101156,51131,51261,101156,2
679,50011,124,101156,101156,101280,51145,51269,101280,2
680,50079,152,101280,101280,101432,51201,51353,101432,2
681,50129,169,101432,101432,101601,51303,51472,101601,2
682,50191,176,101601,101601,101777,51410,51586,101777,2
683,50262,158,101777,101777,101935,51515,51673,101935,2
684,50356,171,101935,101935,102106,51579,51750,102106,2
685,50485,155,102106,102106,102261,51621,51776,102261,2
686,50564,175,102261,102261,102436,51697,51872,102436,2
687,50650,115,102436,102436,102551,51786,51901,102551,2
688,50734,150,102551,102551,102701,51817,51967,102701,2
689,50802,151,102701,102701,102852,51899,52050,102852,2
690,50885,138,102852,102852,102990,51967,52105,102990,2
691,50948,170,102990,102990,103160,52042,52212,103160,2
692,51075,142,103160,103160,103302,52085,52227,103302,2
693,51135,142,103302,103302,103444,52167,52309,103444,2
694,51235,183,103444,103444,103627,52209,52392,103627,2
695,51314,142,103627,103627,103769,52313,52455,103769,2
696,51374,158,103769,103769,103927,52395,52553,103927,2
697,51468,149,103927,103927,104076,52459,52608,104076,2
698,51529,149,104076,104076,104225,52547,52696,104225,2
699,51599,166,104225,104225,104391,52626,52792,104391,2
700,51672,166,104391,104391,104557,52719,52885,104557,2
701,51760,169,104557,104557,104726,52797,52966,104726,2
702,51857,147,104726,104726,104873,52869,53016,104873,2
703,51916,171,104873,104873,105044,52957,53128,105044,2
704,51991,160,105044,105044,105204,53053,53213,105204,2
705,52042,134,105204,105204,105338,53162,53296,105338,2
706,52129,170,105338,105338,105508,53209,53379,105508,2
707,52207,131,105508,105508,105639,53301,53432,105639,2
708,52286,182,105639,105639,105821,53353,53535,105821,2
709,52387,152,105821,105821,105973,53434,53586,105973,2
710,52460,175,105973,105973,106148,53513,53688,106148,2
711,52516,191,106148,106148,106339,53632,53823,106339,2
712,52591,162,106339,106339,106501,53748,53910,106501,2
713,52673,148,106501,106501,106649,53828,53976,106649,2
714,52730,159,106649,106649,106808,53919,54078,106808,2
715,52809,149,106808,106808,106957,53999,54148,106957,2
716,52876,170,106957,106957,107127,54081,54251,107127,2
717,52957,185,107127,107127,107312,54170,54355,107312,2
718,53008,159,107312,107312,107471,54304,54463,107471,2
719,53094,178,107471,107471,107649,54377,54555,107649,2
720,53163,129,107649,107649,107778,54486,54615,107778,2
721,53253,158,107778,107778,107936,54525,54683,107936,2
722,53316,147,107936,107936,108083,54620,54767,108083,2
723,53417,158,108083,108083,108241,54666,54824,108241,2
724,53481,153,108241,108241,108394,54760,54913,108394,2
725,53546,143,108394,108394,108537,54848,54991,108537,2
726,53608,125,108537,108537,108662,54929,55054,108662,2
727,53672,118,108662,108662,108780,54990,55108,108780,2
728,53708,115,108780,108780,108895,55072,55187,108895,2
729,53785,144,108895,108895,109039,55110,55254,109039,2
730,53848,172,109039,109039,109211,55191,55363,109211,2
731,53927,140,109211,109211,109351,55284,55424,109351,2
732,54005,115,109351,109351,109466,55346,55461,109466,2
733,54054,132,109466,109466,109598,55412,55544,109598,2
734,54132,159,109598,109598,109757,55466,55625,109757,2
735,54196,117,109757,109757,109874,55561,55678,109874,2
736,54287,160,109874,109874,110034,55587,55747,110034,2
737,54375,178,110034,110034,110212,55659,55837,110212,2
738,54471,159,110212,110212,110371,55741,55900,110371,2
739,54526,136,110371,110371,110507,55845,55981,110507,2
740,54587,168,110507,110507,110675,55920,56088,110675,2
741,54671,152,110675,110675,110827,56004,56156,110827,2
742,54796,146,110827,110827,110973,56031,56177,110973,2
743,54831,130,110973,110973,111103,56142,56272,111103,2
744,54918,175,111103,111103,111278,56185,56360,111278,2
745,54977,126,111278,111278,111404,56301,56427,111404,2
746,55074,184,111404,111404,111588,56330,56514,111588,2
747,55169,141,111588,111588,111729,56419,56560,111729,2
748,55272,146,111729,111729,111875,56457,56603,111875,2
749,55379,141,111875,111875,112016,56496,56637,112016,2
750,55451,166,112016,112016,112182,56565,56731,112182,2
751,55549,157,112182,112182,112339,56633,56790,112339,2
752,55614,165,112339,112339,112504,56725,56890,112504,2
753,55685,146,112504,112504,112650,56819,56965,112650,2
754,55747,111,112650,112650,112761,56903,57014,112761,2
755,55789,128,112761,112761,112889,56972,57100,112889,2
756,55878,136,112889,112889,113025,57011,57147,113025,2
757,55940,122,113025,113025,113147,57085,57207,113147,2
758,56059,148,113147,113147,113295,57088,57236,113295,2
759,56120,154,113295,113295,113449,57175,57329,113449,2
760,56194,141,113449,113449,113590,57255,57396,113590,2
761,56272,125,113590,113590,113715,57318,57443,113715,2
762,56335,166,113715,113715,113881,57380,57546,113881,2
763,56430,146,113881,113881,114027,57451,57597,114027,2
764,56507,131,114027,114027,114158,57520,57651,114158,2
765,56566,166,114158,114158,114324,57592,57758,114324,2
766,56650,155,114324,114324,114479,57674,57829,114479,2
767,56732,155,114479,114479,114634,57747,57902,114634,2
768,56774,155,114634,114634,114789,57860,58015,114789,2
769,56846,166,114789,114789,114955,57943,58109,114955,2
770,56903,128,114955,114955,115083,58052,58180,115083,2
771,56967,139,115083,115083,115222,58116,58255,115222,2
772,57040,153,115222,115222,115375,58182,58335,115375,2
773,57138,180,115375,115375,115555,58237,58417,115555,2
774,57234,173,115555,115555,115728,58321,58494,115728,2
775,57341,147,115728,115728,115875,58387,58534,115875,2
776,57455,156,115875,115875,116031,58420,58576,116031,2
777,57563,149,116031,116031,116180,58468,58617,116180,2
778,57649,168,116180,116180,116348,58531,58699,116348,2
779,57715,147,116348,116348,116495,58633,58780,116495,2
780,57752,157,116495,116495,116652,58743,58900,116652,2
781,57805,176,116652,116652,116828,58847,59023,116828,2
782,57873,175,116828,116828,117003,58955,59130,117003,2
783,57975,145,117003,117003,117148,59028,59173,117148,2
784,58065,153,117148,117148,117301,59083,59236,117301,2
785,58136,150,117301,117301,117451,59165,59315,117451,2
786,58225,156,117451,117451,117607,59226,59382,117607,2
787,58283,143,117607,117607,117750,59324,59467,117750,2
788,58335,131,117750,117750,117881,59415,59546,117881,2
789,58410,119,117881,117881,118000,59471,59590,118000,2
790,58505,145,118000,118000,118145,59495,59640,118145,2
791,58603,172,118145,118145,118317,59542,59714,118317,2
792,58719,164,118317,118317,118481,59598,59762,118481,2
793,58809,140,118481,118481,118621,59672,59812,118621,2
794,58874,152,118621,118621,118773,59747,59899,118773,2
795,58957,143,118773,118773,118916,59816,59959,118916,2
796,59042,133,118916,118916,119049,59874,60007,119049,2
797,59122,134,119049,119049,119183,59927,60061,119183,2
798,59167,169,119183,119183,119352,60016,60185,119352,2
799,59291,156,119352,119352,119508,60061,60217,119508,2
800,59368,121,119508,119508,119629,60140,60261,119629,2
801,59466,180,119629,119629,119809,60163,60343,119809,2
802,59547,156,119809,119809,119965,60262,60418,119965,2
803,59622,163,119965,119965,120128,60343,60506,120128,2
804,59693,170,120128,120128,120298,60435,60605,120298,2
805,59761,173,120298,120298,120471,60537,60710,120471,2
806,59821,179,120471,120471,120650,60650,60829,120650,2
807,59873,143,120650,120650,120793,60777,60920,120793,2
808,59923,142,120793,120793,120935,60870,61012,120935,2
809,59996,170,120935,120935,121105,60939,61109,121105,2
810,60033,144,121105,121105,121249,61072,61216,121249,2
811,60105,131,121249,121249,121380,61144,61275,121380,2
812,60185,146,121380,121380,121526,61195,61341,121526,2
813,60239,140,121526,121526,121666,61287,61427,121666,2
814,60283,128,121666,121666,121794,61383,61511,121794,2
815,60356,169,121794,121794,121963,61438,61607,121963,2
816,60406,167,121963,121963,122130,61557,61724,122130,2
817,60457,156,122130,122130,122286,61673,61829,122286,2
818,60535,198,122286,122286,122484,61751,61949,122484,2
819,60585,142,122484,122484,122626,61899,62041,122626,2
820,60647,175,122626,122626,122801,61979,62154,122801,2
821,60721,157,122801,122801,122958,62080,62237,122958,2
822,60805,141,122958,122958,123099,62153,62294,123099,2
823,60885,172,123099,123099,123271,62214,62386,123271,2
824,60951,150,123271,123271,123421,62320,62470,123421,2
825,61027,132,123421,123421,123553,62394,62526,123553,2
826,61126,126,123553,123553,123679,62427,62553,123679,2
827,61175,170,123679,123679,123849,62504,62674,123849,2
828,61257,172,123849,123849,124021,62592,62764,124021,2
829,61344,148,124021,124021,124169,62677,62825,124169,2
830,61427,128,124169,124169,124297,62742,62870,124297,2
831,61509,175,124297,124297,124472,62788,62963,124472,2
832,61590,179,124472,124472,124651,62882,63061,124651,2
833,61697,166,124651,124651,124817,62954,63120,124817,2
834,61751,149,124817,124817,124966,63066,63215,124966,2
835,61848,159,124966,124966,125125,63118,63277,125125,2
836,61903,137,125125,125125,125262,63222,63359,125262,2
837,61969,185,125262,125262,125447,63293,63478,125447,2
838,62063,137,125447,125447,125584,63384,63521,125584,2
839,62150,193,125584,125584,125777,63434,63627,125777,2
840,62214,126,125777,125777,125903,63563,63689,125903,2
841,62328,159,125903,125903,126062,63575,63734,126062,2
842,62400,110,126062,126062,126172,63662,63772,126172,2
843,62481,171,126172,126172,126343,63691,63862,126343,2
844,62578,119,126343,126343,126462,63765,63884,126462,2
845,62648,165,126462,126462,126627,63814,63979,126627,2
846,62752,146,126627,126627,126773,63875,64021,126773,2
847,62838,154,126773,126773,126927,63935,64089,126927,2
848,62903,147,126927,126927,127074,64024,64171,127074,2
849,63000,139,127074,127074,127213,64074,64213,127213,2
850,63097,126,127213,127213,127339,64116,64242,127339,2
851,63169,147,127339,127339,127486,64170,64317,127486,2
852,63266,130,127486,127486,127616,64220,64350,127616,2
853,63394,166,127616,127616,127782,64222,64388,127782,2
854,63485,169,127782,127782,127951,64297,64466,127951,2
855,63569,164,127951,127951,128115,64382,64546,128115,2
856,63636,169,128115,128115,128284,64479,64648,128284,2
857,63758,137,128284,128284,128421,64526,64663,128421,2
858,63808,151,128421,128421,128572,64613,64764,128572,2
859,63891,136,128572,128572,128708,64681,64817,128708,2
860,63963,131,128708,128708,128839,64745,64876,128839,2
861,64049,141,128839,128839,128980,64790,64931,128980,2
862,64146,176,128980,128980,129156,64834,65010,129156,2
863,64220,120,129156,129156,129276,64936,65056,129276,2
864,64270,150,129276,129276,129426,65006,65156,129426,2
865,64347,164,129426,129426,129590,65079,65243,129590,2
866,64408,129,129590,129590,129719,65182,65311,129719,2
867,64502,137,129719,129719,129856,65217,65354,129856,2
868,64587,124,129856,129856,129980,65269,65393,129980,2
869,64673,149,129980,129980,130129,65307,65456,130129,2
870,64734,124,130129,130129,130253,65395,65519,130253,2
871,64822,135,130253,130253,130388,65431,65566,130388,2
872,64928,138,130388,130388,130526,65460,65598,130526,2
873,64977,161,130526,130526,130687,65549,65710,130687,2
874,65068,135,130687,130687,130822,65619,65754,130822,2
875,65129,161,130822,130822,130983,65693,65854,130983,2
876,65180,139,130983,130983,131122,65803,65942,131122,2
877,65242,126,131122,131122,131248,65880,66006,131248,2
878,65306,184,131248,131248,131432,65942,66126,131432,2
879,65344,148,131432,131432,131580,66088,66236,131580,2
880,65420,167,131580,131580,131747,66160,66327,131747,2
881,65499,128,131747,131747,131875,66248,66376,131875,2
882,65594,161,131875,131875,132036,66281,66442,132036,2
883,65650,135,132036,132036,132171,66386,66521,132171,2
884,65754,121,132171,132171,132292,66417,66538,132292,2
885,65854,165,132292,132292,132457,66438,66603,132457,2
886,65862,157,132457,132457,132614,66595,66752,132614,2
887,65965,177,132614,132614,132791,66649,66826,132791,2
888,66048,135,132791,132791,132926,66743,66878,132926,2
889,66120,158,132926,132926,133084,66806,66964,133084,2
890,66221,123,133084,133084,133207,66863,66986,133207,2
891,66313,166,133207,133207,133373,66894,67060,133373,2
892,66392,115,133373,133373,133488,66981,67096,133488,2
893,66463,137,133488,133488,133625,67025,67162,133625,2
894,66552,167,133625,133625,133792,67073,67240,133792,2
895,66624,120,133792,133792,133912,67168,67288,133912,2
896,66709,160,133912,133912,134072,67203,67363,134072,2
897,66776,124,134072,134072,134196,67296,67420,134196,2
898,66852,155,134196,134196,134351,67344,67499,134351,2
899,66948,130,134351,134351,134481,67403,67533,134481,2
900,67030,145,134481,134481,134626,67451,67596,134626,2
901,67073,149,134626,134626,134775,67553,67702,134775,2
902,67173,141,134775,134775,134916,67602,67743,134916,2
903,67267,136,134916,134916,135052,67649,67785,135052,2
904,67347,126,135052,135052,135178,67705,67831,135178,2
905,67424,134,135178,135178,135312,67754,67888,135312,2
906,67529,128,135312,135312,135440,67783,67911,135440,2
907,67611,130,135440,135440,135570,67829,67959,135570,2
908,67712,154,135570,135570,135724,67858,68012,135724,2
909,67757,165,135724,135724,135889,67967,68132,135889,2
910,67871,131,135889,135889,136020,68018,68149,136020,2
911,67922,163,136020,136020,136183,68098,68261,136183,2
912,68005,158,136183,136183,136341,68178,68336,136341,2
913,68070,160,136341,136341,136501,68271,68431,136501,2
914,68146,153,136501,136501,136654,68355,68508,136654,2
915,68227,141,136654,136654,136795,68427,68568,136795,2
916,68295,140,136795,136795,136935,68500,68640,136935,2
917,68364,115,136935,136935,137050,68571,68686,137050,2
918,68456,144,137050,137050,137194,68594,68738,137194,2
919,68512,138,137194,137194,137332,68682,68820,137332,2
920,68573,185,137332,137332,137517,68759,68944,137517,2
921,68622,145,137517,137517,137662,68895,69040,137662,2
922,68673,148,137662,137662,137810,68989,69137,137810,2
923,68731,130,137810,137810,137940,69079,69209,137940,2
924,68818,190,137940,137940,138130,69122,69312,138130,2
925,68893,136,138130,138130,138266,69237,69373,138266,2
926,68972,132,138266,138266,138398,69294,69426,138398,2
927,69074,155,138398,138398,138553,69324,69479,138553,2
928,69126,150,138553,138553,138703,69427,69577,138703,2
929,69196,147,138703,138703,138850,69507,69654,138850,2
930,69284,128,138850,138850,138978,69566,69694,138978,2
931,69345,143,138978,138978,139121,69633,69776,139121,2
932,69437,145,139121,139121,139266,69684,69829,139266,2
933,69521,156,139266,139266,139422,69745,69901,139422,2
934,69607,115,139422,139422,139537,69815,69930,139537,2
935,69698,147,139537,139537,139684,69839,69986,139684,2
936,69808,129,139684,139684,139813,69876,70005,139813,2
937,69888,155,139813,139813,139968,69925,70080,139968,2
938,69958,151,139968,139968,140119,70010,70161,140119,2
939,70052,145,140119,140119,140264,70067,70212,140264,2
940,70149,184,140264,140264,140448,70115,70299,140448,2
941,70201,162,140448,140448,140610,70247,70409,140610,2
942,70300,140,140610,140610,140750,70310,70450,140750,2
943,70363,169,140750,140750,140919,70387,70556,140919,2
944,70409,168,140919,140919,141087,70510,70678,141087,2
945,70471,147,141087,141087,141234,70616,70763,141234,2
946,70549,179,141234,141234,141413,70685,70864,141413,2
947,70636,129,141413,141413,141542,70777,70906,141542,2
948,70698,149,141542,141542,141691,70844,70993,141691,2
949,70776,158,141691,141691,141849,70915,71073,141849,2
950,70840,121,141849,141849,141970,71009,71130,141970,2
951,70907,133,141970,141970,142103,71063,71196,142103,2
952,70975,150,142103,142103,142253,71128,71278,142253,2
953,71050,157,142253,142253,142410,71203,71360,142410,2
954,71117,178,142410,142410,142588,71293,71471,142588,2
955,71184,145,142588,142588,142733,71404,71549,142733,2
956,71261,143,142733,142733,142876,71472,71615,142876,2
957,71356,179,142876,142876,143055,71520,71699,143055,2
958,71455,194,143055,143055,143249,71600,71794,143249,2
959,71537,166,143249,143249,143415,71712,71878,143415,2
960,71592,156,143415,143415,143571,71823,71979,143571,2
961,71640,151,143571,143571,143722,71931,72082,143722,2
962,71693,171,143722,143722,143893,72029,72200,143893,2
963,71756,148,143893,143893,144041,72137,72285,144041,2
964,71815,125,144041,144041,144166,72226,72351,144166,2
965,71838,182,144166,144166,144348,72328,72510,144348,2
966,71926,174,144348,144348,144522,72422,72596,144522,2
967,71980,135,144522,144522,144657,72542,72677,144657,2
968,72060,131,144657,144657,144788,72597,72728,144788,2
969,72154,150,144788,144788,144938,72634,72784,144938,2
970,72252,169,144938,144938,145107,72686,72855,145107,2
971,72310,149,145107,145107,145256,72797,72946,145256,2
972,72425,144,145256,145256,145400,72831,72975,145400,2
973,72524,127,145400,145400,145527,72876,73003,145527,2
974,72597,138,145527,145527,145665,72930,73068,145665,2
975,72664,145,145665,145665,145810,73001,73146,145810,2
976,72754,162,145810,145810,145972,73056,73218,145972,2
977,72805,161,145972,145972,146133,73167,73328,146133,2
978,72915,162,146133,146133,146295,73218,73380,146295,2
979,73011,152,146295,146295,146447,73284,73436,146447,2
980,73072,181,146447,146447,146628,73375,73556,146628,2
981,73130,161,146628,146628,146789,73498,73659,146789,2
982,73201,183,146789,146789,146972,73588,73771,146972,2
983,73311,175,146972,146972,147147,73661,73836,147147,2
984,73372,136,147147,147147,147283,73775,73911,147283,2
985,73437,152,147283,147283,147435,73846,73998,147435,2
986,73510,138,147435,147435,147573,73925,74063,147573,2
987,73580,162,147573,147573,147735,73993,74155,147735,2
988,73659,119,147735,147735,147854,74076,74195,147854,2
989,73749,132,147854,147854,147986,74105,74237,147986,2
990,73823,145,147986,147986,148131,74163,74308,148131,2
991,73907,182,148131,148131,148313,74224,74406,148313,2
992,74004,135,148313,148313,148448,74309,74444,148448,2
993,74051,118,148448,148448,148566,74397,74515,148566,2
994,74140,173,148566,148566,148739,74426,74599,148739,2
995,74187,162,148739,148739,148901,74552,74714,148901,2
996,74284,162,148901,148901,149063,74617,74779,149063,2
997,74357,144,149063,149063,149207,74706,74850,149207,2
998,74451,159,149207,149207,149366,74756,74915,149366,2
999,74480,133,149366,149366,149499,74886,75019,149499,2
1000,74580,157,149499,149499,149656,74919,75076,149656,2
1001,74639,161,149656,149656,149817,75017,75178,149817,2
1002,74720,177,149817,149817,149994,75097,75274,149994,2
1003,74792,168,149994,149994,150162,75202,75370,150162,2
1004,74914,168,150162,150162,150330,75248,75416,150330,2
1005,75017,129,150330,150330,150459,75313,75442,150459,2
1006,75072,164,150459,150459,150623,75387,75551,150623,2
1007,75134,142,150623,150623,150765,75489,75631,150765,2
1008,75196,158,150765,150765,150923,75569,75727,150923,2
1009,75323,164,150923,150923,151087,75600,75764,151087,2
1010,75411,147,151087,151087,151234,75676,75823,151234,2
1011,75470,166,151234,151234,151400,75764,75930,151400,2
1012,75555,159,151400,151400,151559,75845,76004,151559,2
1013,75648,145,151559,151559,151704,75911,76056,151704,2
1014,75724,199,151704,151704,151903,75980,76179,151903,2
1015,75789,165,151903,151903,152068,76114,76279,152068,2
1016,75840,155,152068,152068,152223,76228,76383,152223,2
1017,75906,141,152223,152223,152364,76317,76458,152364,2
1018,75986,164,152364,152364,152528,76378,76542,152528,2
1019,76090,180,152528,152528,152708,76438,76618,152708,2
1020,76135,172,152708,152708,152880,76573,76745,152880,2
1021,76218,135,152880,152880,153015,76662,76797,153015,2
1022,76301,156,153015,153015,153171,76714,76870,153171,2
1023,76403,132,153171,153171,153303,76768,76900,153303,2
1024,76474,158,153303,153303,153461,76829,76987,153461,2
1025,76540,156,153461,153461,153617,76921,77077,153617,2
1026,76653,191,153617,153617,153808,76964,77155,153808,2
1027,76723,183,153808,153808,153991,77085,77268,153991,2
1028,76803,159,153991,153991,154150,77188,77347,154150,2
1029,76900,157,154150,154150,154307,77250,77407,154307,2
1030,76979,154,154307,154307,154461,77328,77482,154461,2
1031,77036,135,154461,154461,154596,77425,77560,154596,2
1032,77142,167,154596,154596,154763,77454,77621,154763,2
1033,77260,108,154763,154763,154871,77503,77611,154871,2
1034,77299,159,154871,154871,155030,77572,77731,155030,2
1035,77348,142,155030,155030,155172,77682,77824,155172,2
1036,77413,143,155172,155172,155315,77759,77902,155315,2
1037,77475,130,155315,155315,155445,77840,77970,155445,2
1038,77559,156,155445,155445,155601,77886,78042,155601,2
1039,77648,138,155601,155601,155739,77953,78091,155739,2
1040,77712,154,155739,155739,155893,78027,78181,155893,2
1041,77785,172,155893,155893,156065,78108,78280,156065,2
1042,77861,145,156065,156065,156210,78204,78349,156210,2
1043,77918,161,156210,156210,156371,78292,78453,156371,2
1044,77973,162,156371,156371,156533,78398,78560,156533,2
1045,78050,150,156533,156533,156683,78483,78633,156683,2
1046,78159,180,156683,156683,156863,78524,78704,156863,2
1047,78243,136,156863,156863,156999,78620,78756,156999,2
1048,78325,165,156999,156999,157164,78674,78839,157164,2
1049,78399,159,157164,157164,157323,78765,78924,157323,2
1050,78444,116,157323,157323,157439,78879,78995,157439,2
1051,78458,164,157439,157439,157603,78981,79145,157603,2
1052,78506,162,157603,157603,157765,79097,79259,157765,2
1053,78595,173,157765,157765,157938,79170,79343,157938,2
1054,78621,156,157938,157938,158094,79317,79473,158094,2
1055,78693,149,158094,158094,158243,79401,79550,158243,2
1056,78782,151,158243,158243,158394,79461,79612,158394,2
1057,78843,168,158394,158394,158562,79551,79719,158562,2
1058,78895,142,158562,158562,158704,79667,79809,158704,2
1059,78963,170,158704,158704,158874,79741,79911,158874,2
1060,79032,151,158874,158874,159025,79842,79993,159025,2
1061,79155,152,159025,159025,159177,79870,80022,159177,2
1062,79205,161,159177,159177,159338,79972,80133,159338,2
1063,79280,169,159338,159338,159507,80058,80227,159507,2
1064,79389,136,159507,159507,159643,80118,80254,159643,2
1065,79475,167,159643,159643,159810,80168,80335,159810,2
1066,79555,180,159810,159810,159990,80255,80435,159990,2
1067,79619,184,159990,159990,160174,80371,80555,160174,2
1068,79680,127,160174,160174,160301,80494,80621,160301,2
1069,79737,144,160301,160301,160445,80564,80708,160445,2
1070,79838,142,160445,160445,160587,80607,80749,160587,2
1071,79880,99,160587,160587,160686,80707,80806,160686,2
1072,79971,147,160686,160686,160833,80715,80862,160833,2
1073,80068,143,160833,160833,160976,80765,80908,160976,2
1074,80146,114,160976,160976,161090,80830,80944,161090,2
1075,80268,156,161090,161090,161246,80822,80978,161246,2
1076,80348,181,161246,161246,161427,80898,81079,161427,2
1077,80411,179,161427,161427,161606,81016,81195,161606,2
1078,80497,149,161606,161606,161755,81109,81258,161755,2
1079,80543,136,161755,161755,161891,81212,81348,161891,2
1080,80605,143,161891,161891,162034,81286,81429,162034,2
1081,80666,120,162034,162034,162154,81368,81488,162154,2
1082,80759,128,162154,162154,162282,81395,81523,162282,2
1083,80789,110,162282,162282,162392,81493,81603,162392,2
1084,80860,122,162392,162392,162514,81532,81654,162514,2
1085,80951,146,162514,162514,162660,81563,81709,162660,2
1086,81007,147,162660,162660,162807,81653,81800,162807,2
1087,81091,182,162807,162807,162989,81716,81898,162989,2
1088,81146,149,162989,162989,163138,81843,81992,163138,2
1089,81191,133,163138,163138,163271,81947,82080,163271,2
1090,81287,148,163271,163271,163419,81984,82132,163419,2
1091,81357,152,163419,163419,163571,82062,82214,163571,2
1092,81463,196,163571,163571,163767,82108,82304,163767,2
1093,81526,145,163767,163767,163912,82241,82386,163912,2
1094,81605,174,163912,163912,164086,82307,82481,164086,2
1095,81680,145,164086,164086,164231,82406,82551,164231,2
1096,81735,152,164231,164231,164383,82496,82648,164383,2
1097,81825,130,164383,164383,164513,82558,82688,164513,2
1098,81919,149,164513,164513,164662,82594,82743,164662,2
1099,81993,140,164662,164662,164802,82669,82809,164802,2
1100,82042,121,164802,164802,164923,82760,82881,164923,2
1101,82093,146,164923,164923,165069,82830,82976,165069,2
1102,82161,170,165069,165069,165239,82908,83078,165239,2
1103,82215,132,165239,165239,165371,83024,83156,165371,2
1104,82279,136,165371,165371,165507,83092,83228,165507,2
1105,82397,128,165507,165507,165635,83110,83238,165635,2
1106,82503,162,165635,165635,165797,83132,83294,165797,2
1107,82567,152,165797,165797,165949,83230,83382,165949,2
1108,82649,162,165949,165949,166111,83300,83462,166111,2
1109,82720,158,166111,166111,166269,83391,83549,166269,2
1110,82789,160,166269,166269,166429,83480,83640,166429,2
1111,82899,118,166429,166429,166547,83530,83648,166547,2
1112,82991,131,166547,166547,166678,83556,83687,166678,2
1113,83098,156,166678,166678,166834,83580,83736,166834,2
1114,83153,142,166834,166834,166976,83681,83823,166976,2
1115,83237,136,166976,166976,167112,83739,83875,167112,2
1116,83325,177,167112,167112,167289,83787,83964,167289,2
1117,83369,125,167289,167289,167414,83920,84045,167414,2
1118,83402,155,167414,167414,167569,84012,84167,167569,2
1119,83449,144,167569,167569,167713,84120,84264,167713,2
1120,83523,166,167713,167713,167879,84190,84356,167879,2
1121,83636,150,167879,167879,168029,84243,84393,168029,2
1122,83700,162,168029,168029,168191,84329,84491,168191,2
1123,83777,147,168191,168191,168338,84414,84561,168338,2
1124,83860,124,168338,168338,168462,84478,84602,168462,2
1125,83922,160,168462,168462,168622,84540,84700,168622,2
1126,84015,134,168622,168622,168756,84607,84741,168756,2
1127,84088,149,168756,168756,168905,84668,84817,168905,2
1128,84172,169,168905,168905,169074,84733,84902,169074,2
1129,84221,131,169074,169074,169205,84853,84984,169205,2
1130,84303,141,169205,169205,169346,84902,85043,169346,2
1131,84381,152,169346,169346,169498,84965,85117,169498,2
1132,84460,147,169498,169498,169645,85038,85185,169645,2
1133,84529,169,169645,169645,169814,85116,85285,169814,2
1134,84627,164,169814,169814,169978,85187,85351,169978,2
1135,84692,130,169978,169978,170108,85286,85416,170108,2
1136,84743,150,170108,170108,170258,85365,85515,170258,2
1137,84807,155,170258,170258,170413,85451,85606,170413,2
1138,84916,155,170413,170413,170568,85497,85652,170568,2
1139,84995,136,170568,170568,170704,85573,85709,170704,2
1140,85053,145,170704,170704,170849,85651,85796,170849,2
1141,85108,143,170849,170849,170992,85741,85884,170992,2
1142,85177,151,170992,170992,171143,85815,85966,171143,2
1143,85233,135,171143,171143,171278,85910,86045,171278,2
1144,85321,176,171278,171278,171454,85957,86133,171454,2
1145,85403,124,171454,171454,171578,86051,86175,171578,2
1146,85477,139,171578,171578,171717,86101,86240,171717,2
1147,85531,212,171717,171717,171929,86186,86398,171929,2
1148,85630,142,171929,171929,172071,86299,86441,172071,2
1149,85741,151,172071,172071,172222,86330,86481,172222,2
1150,85843,112,172222,172222,172334,86379,86491,172334,2
1151,85891,146,172334,172334,172480,86443,86589,172480,2
1152,85953,158,172480,172480,172638,86527,86685,172638,2
1153,86016,129,172638,172638,172767,86622,86751,172767,2
1154,86126,154,172767,172767,172921,86641,86795,172921,2
1155,86189,151,172921,172921,173072,86732,86883,173072,2
1156,86271,142,173072,173072,173214,86801,86943,173214,2
1157,86340,171,173214,173214,173385,86874,87045,173385,2
1158,86439,139,173385,173385,173524,86946,87085,173524,2
1159,86558,140,173524,173524,173664,86966,87106,173664,2
1160,86611,136,173664,173664,173800,87053,87189,173800,2
1161,86711,129,173800,173800,173929,87089,87218,173929,2
1162,86754,155,173929,173929,174084,87175,87330,174084,2
1163,86836,148,174084,174084,174232,87248,87396,174232,2
1164,86915,135,174232,174232,174367,87317,87452,174367,2
1165,86988,134,174367,174367,174501,87379,87513,174501,2
1166,87043,143,174501,174501,174644,87458,87601,174644,2
1167,87124,160,174644,174644,174804,87520,87680,174804,2
1168,87192,139,174804,174804,174943,87612,87751,174943,2
1169,87243,133,174943,174943,175076,87700,87833,175076,2
1170,87346,149,175076,175076,175225,87730,87879,175225,2
1171,87398,142,175225,175225,175367,87827,87969,175367,2
1172,87465,188,175367,175367,175555,87902,88090,175555,2
1173,87532,123,175555,175555,175678,88023,88146,175678,2
1174,87634,148,175678,175678,175826,88044,88192,175826,2
1175,87684,153,175826,175826,175979,88142,88295,175979,2
1176,87731,146,175979,175979,176125,88248,88394,176125,2
1177,87813,155,176125,176125,176280,88312,88467,176280,2
1178,87887,167,176280,176280,176447,88393,88560,176447,2
1179,87948,157,176447,176447,176604,88499,88656,176604,2
1180,88036,125,176604,176604,176729,88568,88693,176729,2
1181,88119,131,176729,176729,176860,88610,88741,176860,2
1182,88211,160,176860,176860,177020,88649,88809,177020,2
1183,88264,150,177020,177020,177170,88756,88906,177170,2
1184,88369,135,177170,177170,177305,88801,88936,177305,2
1185,88428,156,177305,177305,177461,88877,89033,177461,2
1186,88493,162,177461,177461,177623,88968,89130,177623,2
1187,88590,131,177623,177623,177754,89033,89164,177754,2
1188,88650,169,177754,177754,177923,89104,89273,177923,2
1189,88716,190,177923,177923,178113,89207,89397,178113,2
1190,88806,144,178113,178113,178257,89307,89451,178257,2
1191,88880,149,178257,178257,178406,89377,89526,178406,2
1192,88938,142,178406,178406,178548,89468,89610,178548,2
1193,89012,131,178548,178548,178679,89536,89667,178679,2
1194,89069,148,178679,178679,178827,89610,89758,178827,2
1195,89177,120,178827,178827,178947,89650,89770,178947,2
1196,89273,145,178947,178947,179092,89674,89819,179092,2
1197,89342,196,179092,179092,179288,89750,89946,179288,2
1198,89404,161,179288,179288,179449,89884,90045,179449,2
1199,89486,161,179449,179449,179610,89963,90124,179610,2
1200,89575,102,179610,179610,179712,90035,90137,179712,2
1201,89625,195,179712,179712,179907,90087,90282,179907,2
1202,89699,166,179907,179907,180073,90208,90374,180073,2
1203,89785,167,180073,180073,180240,90288,90455,180240,2
1204,89860,192,180240,180240,180432,90380,90572,180432,2
1205,89929,154,180432,180432,180586,90503,90657,180586,2
1206,90021,121,180586,180586,180707,90565,90686,180707,2
1207,90099,148,180707,180707,180855,90608,90756,180855,2
1208,90157,109,180855,180855,180964,90698,90807,180964,2
1209,90228,128,180964,180964,181092,90736,90864,181092,2
1210,90308,169,181092,181092,181261,90784,90953,181261,2
1211,90343,128,181261,181261,181389,90918,91046,181389,2
1212,90450,140,181389,181389,181529,90939,91079,181529,2
1213,90515,168,181529,181529,181697,91014,91182,181697,2
1214,90581,154,181697,181697,181851,91116,91270,181851,2
1215,90680,170,181851,181851,182021,91171,91341,182021,2
1216,90759,150,182021,182021,182171,91262,91412,182171,2
1217,90812,98,182171,182171,182269,91359,91457,182269,2
1218,90899,157,182269,182269,182426,91370,91527,182426,2
1219,90973,113,182426,182426,182539,91453,91566,182539,2
1220,91028,190,182539,182539,182729,91511,91701,182729,2
1221,91118,160,182729,182729,182889,91611,91771,182889,2
1222,91250,138,182889,182889,183027,91639,91777,183027,2
1223,91292,176,183027,183027,183203,91735,91911,183203,2
1224,91356,158,183203,183203,183361,91847,92005,183361,2
1225,91439,158,183361,183361,183519,91922,92080,183519,2
1226,91488,168,183519,183519,183687,92031,92199,183687,2
1227,91546,134,183687,183687,183821,92141,92275,183821,2
1228,91616,160,183821,183821,183981,92205,92365,183981,2
1229,91651,154,183981,183981,184135,92330,92484,184135,2
1230,91719,175,184135,184135,184310,92416,92591,184310,2
1231,91793,129,184310,184310,184439,92517,92646,184439,2
1232,91847,137,184439,184439,184576,92592,92729,184576,2
1233,91953,127,184576,184576,184703,92623,92750,184703,2
1234,91987,154,184703,184703,184857,92716,92870,184857,2
1235,92078,148,184857,184857,185005,92779,92927,185005,2
1236,92120,149,185005,185005,185154,92885,93034,185154,2
1237,92190,179,185154,185154,185333,92964,93143,185333,2
1238,92269,142,185333,185333,185475,93064,93206,185475,2
1239,92352,137,185475,185475,185612,93123,93260,185612,2
1240,92446,128,185612,185612,185740,93166,93294,185740,2
1241,92501,127,185740,185740,185867,93239,93366,185867,2
1242,92580,165,185867,185867,186032,93287,93452,186032,2
1243,92623,164,186032,186032,186196,93409,93573,186196,2
1244,92675,168,186196,186196,186364,93521,93689,186364,2
1245,92737,128,186364,186364,186492,93627,93755,186492,2
1246,92805,133,186492,186492,186625,93687,93820,186625,2
1247,92899,156,186625,186625,186781,93726,93882,186781,2
1248,92959,146,186781,186781,186927,93822,93968,186927,2
1249,93021,160,186927,186927,187087,93906,94066,187087,2
1250,93118,156,187087,187087,187243,93969,94125,187243,2
1251,93212,154,187243,187243,187397,94031,94185,187397,2
1252,93272,127,187397,187397,187524,94125,94252,187524,2
1253,93295,141,187524,187524,187665,94229,94370,187665,2
1254,93341,139,187665,187665,187804,94324,94463,187804,2
1255,93407,163,187804,187804,187967,94397,94560,187967,2
1256,93508,169,187967,187967,188136,94459,94628,188136,2
1257,93580,91,188136,188136,188227,94556,94647,188227,2
1258,93653,161,188227,188227,188388,94574,94735,188388,2
1259,93718,153,188388,188388,188541,94670,94823,188541,2
1260,93771,184,188541,188541,188725,94770,94954,188725,2
1261,93807,131,188725,188725,188856,94918,95049,188856,2
1262,93919,166,188856,188856,189022,94937,95103,189022,2
1263,94001,136,189022,189022,189158,95021,95157,189158,2
1264,94077,187,189158,189158,189345,95081,95268,189345,2
1265,94164,146,189345,189345,189491,95181,95327,189491,2
1266,94232,167,189491,189491,189658,95259,95426,189658,2
1267,94287,158,189658,189658,189816,95371,95529,189816,2
1268,94332,171,189816,189816,189987,95484,95655,189987,2
1269,94414,123,189987,189987,190110,95573,95696,190110,2
1270,94466,136,190110,190110,190246,95644,95780,190246,2
1271,94561,114,190246,190246,190360,95685,95799,190360,2
1272,94679,153,190360,190360,190513,95681,95834,190513,2
1273,94796,154,190513,190513,190667,95717,95871,190667,2
1274,94877,162,190667,190667,190829,95790,95952,190829,2
1275,94963,175,190829,190829,191004,95866,96041,191004,2
1276,95046,117,191004,191004,191121,95958,96075,191121,2
1277,95133,177,191121,191121,191298,95988,96165,191298,2
1278,95184,130,191298,191298,191428,96114,96244,191428,2
1279,95263,135,191428,191428,191563,96165,96300,191563,2
1280,95333,136,191563,191563,191699,96230,96366,191699,2
1281,95411,194,191699,191699,191893,96288,96482,191893,2
1282,95512,153,191893,191893,192046,96381,96534,192046,2
1283,95624,138,192046,192046,192184,96422,96560,192184,2
1284,95708,160,192184,192184,192344,96476,96636,192344,2
1285,95781,127,192344,192344,192471,96563,96690,192471,2
1286,95847,154,192471,192471,192625,96624,96778,192625,2
1287,95913,154,192625,192625,192779,96712,96866,192779,2
1288,95957,167,192779,192779,192946,96822,96989,192946,2
1289,96017,149,192946,192946,193095,96929,97078,193095,2
1290,96113,122,193095,193095,193217,96982,97104,193217,2
1291,96172,178,193217,193217,193395,97045,97223,193395,2
1292,96247,189,193395,193395,193584,97148,97337,193584,2
1293,96318,151,193584,193584,193735,97266,97417,193735,2
1294,96417,159,193735,193735,193894,97318,97477,193894,2
1295,96493,162,193894,193894,194056,97401,97563,194056,2
1296,96546,157,194056,194056,194213,97510,97667,194213,2
1297,96623,164,194213,194213,194377,97590,97754,194377,2
1298,96736,143,194377,194377,194520,97641,97784,194520,2
1299,96799,152,194520,194520,194672,97721,97873,194672,2
1300,96841,150,194672,194672,194822,97831,97981,194822,2
1301,96932,163,194822,194822,194985,97890,98053,194985,2
1302,97001,140,194985,194985,195125,97984,98124,195125,2
1303,97088,113,195125,195125,195238,98037,98150,195238,2
1304,97151,175,195238,195238,195413,98087,98262,195413,2
1305,97209,132,195413,195413,195545,98204,98336,195545,2
1306,97315,133,195545,195545,195678,98230,98363,195678,2
1307,97397,115,195678,195678,195793,98281,98396,195793,2
1308,97462,188,195793,195793,195981,98331,98519,195981,2
1309,97511,162,195981,195981,196143,98470,98632,196143,2
1310,97590,160,196143,196143,196303,98553,98713,196303,2
1311,97682,180,196303,196303,196483,98621,98801,196483,2
1312,97738,159,196483,196483,196642,98745,98904,196642,2
1313,97815,156,196642,196642,196798,98827,98983,196798,2
1314,97922,115,196798,196798,196913,98876,98991,196913,2
1315,98017,162,196913,196913,197075,98896,99058,197075,2
1316,98073,148,197075,197075,197223,99002,99150,197223,2
1317,98134,179,197223,197223,197402,99089,99268,197402,2
1318,98214,150,197402,197402,197552,99188,99338,197552,2
1319,98283,151,197552,197552,197703,99269,99420,197703,2
1320,98327,166,197703,197703,197869,99376,99542,197869,2
1321,98397,149,197869,197869,198018,99472,99621,198018,2
1322,98489,156,198018,198018,198174,99529,99685,198174,2
1323,98534,156,198174,198174,198330,99640,99796,198330,2
1324,98627,166,198330,198330,198496,99703,99869,198496,2
1325,98659,132,198496,198496,198628,99837,99969,198628,2
1326,98715,153,198628,198628,198781,99913,100066,198781,2
1327,98795,107,198781,198781,198888,99986,100093,198888,2
1328,98851,177,198888,198888,199065,100037,100214,199065,2
1329,98922,136,199065,199065,199201,100143,100279,199201,2
1330,98986,159,199201,199201,199360,100215,100374,199360,2
1331,99032,174,199360,199360,199534,100328,100502,199534,2
1332,99097,160,199534,199534,199694,100437,100597,199694,2
1333,99154,180,199694,199694,199874,100540,100720,199874,2
1334,99243,125,199874,199874,199999,100631,100756,199999,2
1335,99288,117,199999,199999,200116,100711,100828,200116,2
1336,99386,132,200116,200116,200248,100730,100862,200248,2
1337,99485,187,200248,200248,200435,100763,100950,200435,2
1338,99558,154,200435,200435,200589,100877,101031,200589,2
1339,99637,160,200589,200589,200749,100952,101112,200749,2
1340,99674,141,200749,200749,200890,101075,101216,200890,2
1341,99733,127,200890,200890,201017,101157,101284,201017,2
1342,99812,143,201017,201017,201160,101205,101348,201160,2
1343,99913,156,201160,201160,201316,101247,101403,201316,2
1344,99980,166,201316,201316,201482,101336,101502,201482,2
1345,100028,158,201482,201482,201640,101454,101612,201640,2
1346,100139,146,201640,201640,201786,101501,101647,201786,2
1347,100199,107,201786,201786,201893,101587,101694,201893,2
1348,100263,114,201893,201893,202007,101630,101744,202007,2
1349,100364,125,202007,202007,202132,101643,101768,202132,2
1350,100443,155,202132,202132,202287,101689,101844,202287,2
1351,100535,125,202287,202287,202412,101752,101877,202412,2
1352,100611,132,202412,202412,202544,101801,101933,202544,2
1353,100705,136,202544,202544,202680,101839,101975,202680,2
1354,100786,138,202680,202680,202818,101894,102032,202818,2
1355,100878,128,202818,202818,202946,101940,102068,202946,2
1356,100961,158,202946,202946,203104,101985,102143,203104,2
1357,101068,141,203104,203104,203245,102036,102177,203245,2
1358,101150,108,203245,203245,203353,102095,102203,203353,2
1359,101222,166,203353,203353,203519,102131,102297,203519,2
1360,101327,156,203519,203519,203675,102192,102348,203675,2
1361,101388,147,203675,203675,203822,102287,102434,203822,2
1362,101433,187,203822,203822,204009,102389,102576,204009,2
1363,101506,163,204009,204009,204172,102503,102666,204172,2
1364,101564,114,204172,204172,204286,102608,102722,204286,2
1365,101637,163,204286,204286,204449,102649,102812,204449,2
1366,101742,135,204449,204449,204584,102707,102842,204584,2
1367,101811,199,204584,204584,204783,102773,102972,204783,2
1368,101892,154,204783,204783,204937,102891,103045,204937,2
1369,101991,163,204937,204937,205100,102946,103109,205100,2
1370,102076,137,205100,205100,205237,103024,103161,205237,2
1371,102145,122,205237,205237,205359,103092,103214,205359,2
1372,102222,116,205359,205359,205475,103137,103253,205475,2
1373,102283,140,205475,205475,205615,103192,103332,205615,2
1374,102374,166,205615,205615,205781,103241,103407,205781,2
1375,102430,130,205781,205781,205911,103351,103481,205911,2
1376,102511,158,205911,205911,206069,103400,103558,206069,2
1377,102580,145,206069,206069,206214,103489,103634,206214,2
1378,102642,168,206214,206214,206382,103572,103740,206382,2
1379,102707,158,206382,206382,206540,103675,103833,206540,2
1380,102760,129,206540,206540,206669,103780,103909,206669,2
1381,102819,157,206669,206669,206826,103850,104007,206826,2
1382,102910,155,206826,206826,206981,103916,104071,206981,2
1383,102970,183,206981,206981,207164,104011,104194,207164,2
1384,103032,142,207164,207164,207306,104132,104274,207306,2
1385,103116,162,207306,207306,207468,104190,104352,207468,2
1386,103195,145,207468,207468,207613,104273,104418,207613,2
1387,103298,135,207613,207613,207748,104315,104450,207748,2
1388,103373,120,207748,207748,207868,104375,104495,207868,2
1389,103419,156,207868,207868,208024,104449,104605,208024,2
1390,103495,160,208024,208024,208184,104529,104689,208184,2
1391,103554,147,208184,208184,208331,104630,104777,208331,2
1392,103607,166,208331,208331,208497,104724,104890,208497,2
1393,103647,137,208497,208497,208634,104850,104987,208634,2
1394,103718,176,208634,208634,208810,104916,105092,208810,2
1395,103793,120,208810,208810,208930,105017,105137,208930,2
1396,103859,177,208930,208930,209107,105071,105248,209107,2
1397,103897,162,209107,209107,209269,105210,105372,209269,2
1398,103984,133,209269,209269,209402,105285,105418,209402,2
1399,104057,135,209402,209402,209537,105345,105480,209537,2
1400,104160,155,209537,209537,209692,105377,105532,209692,2
1401,104243,128,209692,209692,209820,105449,105577,209820,2
1402,104335,164,209820,209820,209984,105485,105649,209984,2
1403,104421,173,209984,209984,210157,105563,105736,210157,2
1404,104503,175,210157,210157,210332,105654,105829,210332,2
1405,104567,131,210332,210332,210463,105765,105896,210463,2
1406,104644,116,210463,210463,210579,105819,105935,210579,2
1407,104698,186,210579,210579,210765,105881,106067,210765,2
1408,104776,158,210765,210765,210923,105989,106147,210923,2
1409,104867,170,210923,210923,211093,106056,106226,211093,2
1410,104946,139,211093,211093,211232,106147,106286,211232,2
1411,105030,156,211232,211232,211388,106202,106358,211388,2
1412,105103,153,211388,211388,211541,106285,106438,211541,2
1413,105188,157,211541,211541,211698,106353,106510,211698,2
1414,105240,168,211698,211698,211866,106458,106626,211866,2
1415,105326,125,211866,211866,211991,106540,106665,211991,2
1416,105408,144,211991,211991,212135,106583,106727,212135,2
1417,105499,188,212135,212135,212323,106636,106824,212323,2
1418,105570,155,212323,212323,212478,106753,106908,212478,2
1419,105653,139,212478,212478,212617,106825,106964,212617,2
1420,105729,137,212617,212617,212754,106888,107025,212754,2
1421,105827,187,212754,212754,212941,106927,107114,212941,2
1422,105939,143,212941,212941,213084,107002,107145,213084,2
1423,106056,162,213084,213084,213246,107028,107190,213246,2
1424,106104,145,213246,213246,213391,107142,107287,213391,2
1425,106136,140,213391,213391,213531,107255,107395,213531,2
1426,106229,127,213531,213531,213658,107302,107429,213658,2
1427,106325,122,213658,213658,213780,107333,107455,213780,2
1428,106378,172,213780,213780,213952,107402,107574,213952,2
1429,106462,151,213952,213952,214103,107490,107641,214103,2
1430,106540,166,214103,214103,214269,107563,107729,214269,2
1431,106625,149,214269,214269,214418,107644,107793,214418,2
1432,106689,149,214418,214418,214567,107729,107878,214567,2
1433,106775,163,214567,214567,214730,107792,107955,214730,2
1434,106892,158,214730,214730,214888,107838,107996,214888,2
1435,106983,146,214888,214888,215034,107905,108051,215034,2
1436,106997,137,215034,215034,215171,108037,108174,215171,2
1437,107068,166,215171,215171,215337,108103,108269,215337,2
1438,107139,135,215337,215337,215472,108198,108333,215472,2
1439,107223,157,215472,215472,215629,108249,108406,215629,2
1440,107290,175,215629,215629,215804,108339,108514,215804,2
1441,107402,124,215804,215804,215928,108402,108526,215928,2
1442,107430,166,215928,215928,216094,108498,108664,216094,2
1443,107499,139,216094,216094,216233,108595,108734,216233,2
1444,107545,193,216233,216233,216426,108688,108881,216426,2
1445,107618,131,216426,216426,216557,108808,108939,216557,2
1446,107677,115,216557,216557,216672,108880,108995,216672,2
1447,107769,139,216672,216672,216811,108903,109042,216811,2
1448,107855,155,216811,216811,216966,108956,109111,216966,2
1449,107902,133,216966,216966,217099,109064,109197,217099,2
1450,107934,146,217099,217099,217245,109165,109311,217245,2
1451,108015,139,217245,217245,217384,109230,109369,217384,2
1452,108076,123,217384,217384,217507,109308,109431,217507,2
1453,108146,126,217507,217507,217633,109361,109487,217633,2
1454,108224,167,217633,217633,217800,109409,109576,217800,2
1455,108283,125,217800,217800,217925,109517,109642,217925,2
1456,108342,137,217925,217925,218062,109583,109720,218062,2
1457,108444,117,218062,218062,218179,109618,109735,218179,2
1458,108505,194,218179,218179,218373,109674,109868,218373,2
1459,108600,129,218373,218373,218502,109773,109902,218502,2
1460,108668,131,218502,218502,218633,109834,109965,218633,2
1461,108729,109,218633,218633,218742,109904,110013,218742,2
1462,108836,146,218742,218742,218888,109906,110052,218888,2
1463,108891,134,218888,218888,219022,109997,110131,219022,2
1464,108990,188,219022,219022,219210,110032,110220,219210,2
1465,109058,149,219210,219210,219359,110152,110301,219359,2
1466,109114,107,219359,219359,219466,110245,110352,219466,2
1467,109200,176,219466,219466,219642,110266,110442,219642,2
1468,109263,122,219642,219642,219764,110379,110501,219764,2
1469,109334,152,219764,219764,219916,110430,110582,219916,2
1470,109400,167,219916,219916,220083,110516,110683,220083,2
1471,109475,120,220083,220083,220203,110608,110728,220203,2
1472,109554,156,220203,220203,220359,110649,110805,220359,2
1473,109648,174,220359,220359,220533,110711,110885,220533,2
1474,109730,171,220533,220533,220704,110803,110974,220704,2
1475,109798,159,220704,220704,220863,110906,111065,220863,2
1476,109895,134,220863,220863,220997,110968,111102,220997,2
1477,109953,164,220997,220997,221161,111044,111208,221161,2
1478,110032,137,221161,221161,221298,111129,111266,221298,2
1479,110091,136,221298,221298,221434,111207,111343,221434,2
1480,110181,137,221434,221434,221571,111253,111390,221571,2
1481,110244,142,221571,221571,221713,111327,111469,221713,2
1482,110335,146,221713,221713,221859,111378,111524,221859,2
1483,110440,161,221859,221859,222020,111419,111580,222020,2
1484,110500,135,222020,222020,222155,111520,111655,222155,2
1485,110546,148,222155,222155,222303,111609,111757,222303,2
1486,110595,159,222303,222303,222462,111708,111867,222462,2
1487,110649,147,222462,222462,222609,111813,111960,222609,2
1488,110748,171,222609,222609,222780,111861,112032,222780,2
1489,110835,159,222780,222780,222939,111945,112104,222939,2
1490,110872,161,222939,222939,223100,112067,112228,223100,2
1491,110938,189,223100,223100,223289,112162,112351,223289,2
1492,111018,134,223289,223289,223423,112271,112405,223423,2
1493,111100,177,223423,223423,223600,112323,112500,223600,2
1494,111151,119,223600,223600,223719,112449,112568,223719,2
1495,111209,165,223719,223719,223884,112510,112675,223884,2
1496,111289,138,223884,223884,224022,112595,112733,224022,2
1497,111382,129,224022,224022,224151,112640,112769,224151,2
1498,111435,149,224151,224151,224300,112716,112865,224300,2
1499,111514,150,224300,224300,224450,112786,112936,224450,2
,,,,,,"Average
Response
Time:
56418","Average
Turnaround
Time:
56568",,
